0 0.663411 0.338542 0.032552 0.015625
0 0.655599 0.353516 0.029948 0.016927
0 0.688151 0.203776 0.027344 0.014323
0 0.611328 0.292318 0.016927 0.024740
0 0.645833 0.536458 0.013021 0.026042
0 0.660156 0.546875 0.015625 0.026042
0 0.673828 0.555339 0.014323 0.027344
0 0.509766 0.788411 0.016927 0.027344
0 0.583333 0.694661 0.028646 0.016927
0 0.615234 0.645833 0.024740 0.023438
0 0.603516 0.662760 0.027344 0.023438
0 0.706380 0.643880 0.016927 0.032552
0 0.945312 0.708333 0.026042 0.018229
0 0.875651 0.836589 0.014323 0.029948
0 0.506510 0.651042 0.023438 0.020833
0 0.697266 0.149740 0.024740 0.018229
0 0.841797 0.079427 0.011719 0.031250
0 0.856120 0.085286 0.011719 0.027344
0 0.988932 0.108073 0.014323 0.028646
0 0.804036 0.241536 0.016927 0.024740
0 0.831380 0.250000 0.014323 0.028646
0 0.888021 0.258464 0.015625 0.032552
0 0.908854 0.448568 0.013021 0.029948
0 0.945312 0.467448 0.018229 0.031250
0 0.823568 0.468099 0.027344 0.022135
0 0.869141 0.504557 0.019531 0.029948
0 0.341797 0.062500 0.016927 0.028646
0 0.513021 0.037760 0.028646 0.015625
0 0.324219 0.226562 0.031250 0.018229
0 0.317708 0.240885 0.031250 0.015625
0 0.269531 0.513021 0.023438 0.018229
0 0.246094 0.498047 0.026042 0.024740
0 0.210286 0.117839 0.022135 0.027344
0 0.335286 0.019531 0.016927 0.026042
