0 0.167969 0.472656 0.023438 0.050781
0 0.190104 0.307617 0.020833 0.048828
0 0.139974 0.242188 0.014323 0.050781
0 0.151693 0.267578 0.014323 0.039062
0 0.062500 0.615234 0.033854 0.039062
0 0.132161 0.779297 0.019531 0.046875
0 0.102865 0.782227 0.023438 0.052734
0 0.338542 0.562500 0.031250 0.027344
0 0.636068 0.654297 0.055990 0.039062
0 0.541016 0.634766 0.032552 0.027344
0 0.671875 0.776367 0.057292 0.037109
0 0.614583 0.853516 0.036458 0.027344
0 0.450521 0.601562 0.031250 0.019531
0 0.427083 0.625000 0.026042 0.023438
0 0.473958 0.631836 0.031250 0.021484
0 0.755859 0.672852 0.032552 0.033203
0 0.403646 0.570312 0.033854 0.019531
0 0.382161 0.490234 0.032552 0.023438
0 0.382161 0.592773 0.029948 0.025391
0 0.315104 0.604492 0.033854 0.025391
0 0.197266 0.642578 0.029948 0.039062
0 0.159505 0.711914 0.024740 0.041016
0 0.108724 0.577148 0.032552 0.048828
0 0.498047 0.318359 0.019531 0.042969
0 0.393229 0.202148 0.028646 0.033203
0 0.473958 0.303711 0.018229 0.041016
0 0.370443 0.086914 0.032552 0.021484
0 0.375651 0.039062 0.032552 0.023438
0 0.375000 0.129883 0.026042 0.033203
0 0.960286 0.907227 0.027344 0.025391
