0 0.279297 0.042969 0.029948 0.023438
0 0.227214 0.112305 0.032552 0.021484
0 0.362630 0.100586 0.035156 0.025391
0 0.475911 0.061523 0.027344 0.021484
0 0.090495 0.212891 0.029948 0.019531
0 0.083984 0.251953 0.027344 0.019531
0 0.648438 0.336914 0.026042 0.048828
0 0.761068 0.534180 0.029948 0.021484
0 0.712240 0.534180 0.033854 0.025391
0 0.759115 0.635742 0.028646 0.017578
0 0.704427 0.740234 0.026042 0.019531
0 0.705729 0.711914 0.031250 0.017578
0 0.714844 0.574219 0.028646 0.027344
0 0.711589 0.630859 0.029948 0.023438
0 0.561849 0.347656 0.027344 0.023438
0 0.571615 0.128906 0.028646 0.019531
0 0.636719 0.111328 0.028646 0.019531
0 0.663411 0.136719 0.027344 0.019531
0 0.680339 0.377930 0.022135 0.037109
0 0.743490 0.454102 0.015625 0.041016
0 0.620443 0.322266 0.014323 0.042969
0 0.029948 0.557617 0.018229 0.041016
0 0.009115 0.632812 0.013021 0.042969
0 0.097656 0.682617 0.015625 0.044922
0 0.042318 0.623047 0.016927 0.039062
0 0.056641 0.679688 0.011719 0.042969
0 0.024740 0.625977 0.018229 0.041016
0 0.031250 0.678711 0.013021 0.041016
0 0.679036 0.745117 0.014323 0.037109
0 0.013672 0.180664 0.024740 0.021484
0 0.298177 0.783203 0.033854 0.019531
0 0.642578 0.821289 0.027344 0.021484
0 0.827474 0.681641 0.029948 0.019531
0 0.822266 0.615234 0.027344 0.019531
0 0.841797 0.358398 0.022135 0.056641
0 0.800781 0.230469 0.026042 0.042969
0 0.898438 0.543945 0.018229 0.041016
0 0.886719 0.480469 0.015625 0.046875
0 0.862630 0.322266 0.019531 0.046875
0 0.908203 0.215820 0.027344 0.044922
0 0.880859 0.276367 0.016927 0.044922
0 0.804036 0.132812 0.027344 0.023438
0 0.871745 0.381836 0.016927 0.033203
0 0.815755 0.579102 0.027344 0.017578
0 0.832031 0.727539 0.026042 0.021484
