0 0.395833 0.247396 0.018229 0.031250
0 0.376953 0.432292 0.016927 0.028646
0 0.368490 0.483724 0.018229 0.029948
0 0.343750 0.618490 0.015625 0.023438
0 0.649089 0.091797 0.027344 0.019531
0 0.686198 0.099609 0.026042 0.016927
0 0.757161 0.102865 0.027344 0.018229
0 0.927083 0.069010 0.031250 0.015625
0 0.472656 0.909505 0.015625 0.027344
0 0.478516 0.936198 0.027344 0.020833
0 0.554036 0.927734 0.014323 0.029948
0 0.529948 0.921875 0.015625 0.033854
0 0.513021 0.919922 0.013021 0.032552
0 0.652344 0.944010 0.015625 0.028646
0 0.537109 0.581380 0.014323 0.027344
0 0.621094 0.601562 0.013021 0.026042
0 0.642578 0.606771 0.014323 0.028646
0 0.895833 0.566406 0.015625 0.028646
0 0.964844 0.559245 0.026042 0.022135
0 0.507812 0.749349 0.013021 0.029948
0 0.524089 0.753906 0.016927 0.028646
0 0.656901 0.775391 0.016927 0.027344
0 0.673177 0.774740 0.015625 0.031250
0 0.362630 0.817708 0.027344 0.015625
0 0.453776 0.375000 0.035156 0.020833
0 0.629557 0.264323 0.014323 0.031250
0 0.593099 0.436198 0.016927 0.028646
0 0.353516 0.870443 0.029948 0.016927
0 0.278646 0.959635 0.018229 0.026042
0 0.352865 0.563802 0.018229 0.026042
