0 0.707031 0.238281 0.020833 0.039062
0 0.732422 0.233073 0.014323 0.031250
0 0.574219 0.324219 0.020833 0.028646
0 0.617839 0.326172 0.016927 0.024740
0 0.653646 0.320312 0.015625 0.026042
0 0.677734 0.314453 0.014323 0.027344
0 0.820964 0.296224 0.016927 0.024740
0 0.810547 0.326823 0.014323 0.023438
0 0.760417 0.300130 0.015625 0.029948
0 0.752604 0.333984 0.015625 0.027344
0 0.776042 0.332031 0.015625 0.026042
0 0.578125 0.354818 0.015625 0.027344
0 0.593099 0.357422 0.014323 0.027344
0 0.727865 0.337891 0.015625 0.029948
0 0.840495 0.398438 0.014323 0.028646
0 0.912760 0.483724 0.020833 0.016927
0 0.418620 0.840495 0.019531 0.035156
0 0.585938 0.645833 0.015625 0.028646
0 0.602865 0.644531 0.018229 0.028646
0 0.634115 0.638672 0.013021 0.029948
0 0.720703 0.632812 0.022135 0.028646
0 0.761719 0.628255 0.015625 0.029948
0 0.685547 0.553385 0.019531 0.033854
0 0.643229 0.559896 0.018229 0.036458
0 0.611979 0.558594 0.020833 0.039062
0 0.565755 0.567057 0.019531 0.040365
0 0.764974 0.506510 0.016927 0.028646
0 0.824219 0.571615 0.020833 0.020833
0 0.803385 0.575521 0.020833 0.018229
0 0.780599 0.579427 0.022135 0.018229
0 0.757812 0.582682 0.020833 0.019531
0 0.736979 0.583333 0.023438 0.020833
0 0.728516 0.563151 0.022135 0.024740
0 0.830729 0.547526 0.020833 0.024740
0 0.787760 0.552734 0.020833 0.029948
0 0.748698 0.557943 0.020833 0.024740
0 0.679036 0.634115 0.019531 0.026042
0 0.649740 0.636719 0.013021 0.031250
0 0.792969 0.623698 0.020833 0.031250
0 0.473958 0.920573 0.018229 0.031250
0 0.830078 0.848307 0.016927 0.027344
0 0.949219 0.870443 0.013021 0.032552
0 0.902344 0.917318 0.028646 0.014323
0 0.734375 0.955078 0.023438 0.019531
0 0.782552 0.889974 0.026042 0.014323
0 0.837240 0.900391 0.026042 0.014323
0 0.768880 0.949870 0.014323 0.022135
0 0.986328 0.868490 0.016927 0.026042
0 0.972005 0.930990 0.011719 0.023438
0 0.465495 0.820964 0.019531 0.029948
0 0.739583 0.917969 0.023438 0.020833
0 0.908203 0.953776 0.032552 0.016927
0 0.358724 0.032552 0.022135 0.026042
0 0.785807 0.863932 0.029948 0.019531
0 0.932943 0.871094 0.019531 0.028646
