0 0.640625 0.708984 0.020833 0.050781
0 0.634766 0.783203 0.016927 0.050781
0 0.627604 0.881836 0.018229 0.052734
0 0.638672 0.651367 0.016927 0.044922
0 0.657552 0.534180 0.018229 0.041016
0 0.737630 0.494141 0.014323 0.046875
0 0.742188 0.545898 0.023438 0.048828
0 0.661458 0.301758 0.018229 0.048828
0 0.675130 0.227539 0.022135 0.044922
0 0.654948 0.132812 0.020833 0.132812
0 0.073568 0.547852 0.022135 0.052734
0 0.086589 0.636719 0.022135 0.042969
0 0.128906 0.617188 0.015625 0.042969
0 0.176432 0.412109 0.029948 0.027344
