0 0.027344 0.591146 0.018229 0.031250
0 0.072917 0.601562 0.031250 0.018229
0 0.067057 0.615234 0.024740 0.014323
0 0.169271 0.628906 0.020833 0.028646
0 0.203125 0.641276 0.015625 0.029948
0 0.218099 0.641276 0.014323 0.029948
0 0.231120 0.642578 0.014323 0.029948
0 0.252604 0.633464 0.026042 0.014323
0 0.305339 0.610677 0.024740 0.018229
0 0.416667 0.594401 0.015625 0.032552
0 0.325521 0.579427 0.028646 0.020833
0 0.334635 0.554036 0.028646 0.016927
0 0.339193 0.529297 0.029948 0.019531
0 0.361328 0.432292 0.032552 0.020833
0 0.499349 0.272786 0.019531 0.035156
0 0.405599 0.362630 0.016927 0.029948
0 0.501302 0.431641 0.015625 0.032552
0 0.705729 0.171875 0.015625 0.033854
0 0.394531 0.282552 0.026042 0.028646
0 0.383464 0.345703 0.024740 0.014323
0 0.365234 0.391927 0.029948 0.015625
0 0.352865 0.485677 0.028646 0.015625
0 0.223307 0.844401 0.029948 0.014323
0 0.600260 0.949219 0.028646 0.018229
0 0.741536 0.878906 0.027344 0.018229
0 0.769531 0.902344 0.028646 0.018229
0 0.731771 0.043620 0.013021 0.024740
0 0.690755 0.395833 0.029948 0.020833
0 0.228516 0.076172 0.027344 0.027344
