0 0.119141 0.944661 0.019531 0.024740
0 0.127604 0.912760 0.020833 0.026042
0 0.311849 0.837891 0.016927 0.027344
0 0.327474 0.843750 0.019531 0.026042
0 0.340495 0.848958 0.019531 0.026042
0 0.323568 0.897135 0.014323 0.028646
0 0.307943 0.899089 0.016927 0.029948
0 0.285156 0.894531 0.013021 0.033854
0 0.266927 0.886719 0.018229 0.031250
0 0.294922 0.962240 0.016927 0.033854
0 0.201823 0.903646 0.018229 0.026042
0 0.225911 0.907552 0.011719 0.026042
0 0.213542 0.907552 0.015625 0.023438
0 0.225911 0.961589 0.027344 0.019531
0 0.573568 0.860026 0.027344 0.016927
0 0.782552 0.936198 0.026042 0.023438
0 0.779297 0.619141 0.016927 0.029948
0 0.397135 0.701172 0.036458 0.019531
0 0.026693 0.566406 0.016927 0.026042
0 0.222005 0.587891 0.016927 0.027344
0 0.137370 0.555339 0.024740 0.016927
0 0.164062 0.557943 0.026042 0.016927
0 0.361979 0.509766 0.018229 0.027344
0 0.421224 0.652995 0.029948 0.022135
0 0.421224 0.481120 0.016927 0.029948
0 0.392578 0.399089 0.019531 0.027344
0 0.409505 0.430339 0.016927 0.027344
0 0.369141 0.392578 0.016927 0.029948
0 0.378906 0.348958 0.018229 0.028646
0 0.404948 0.352865 0.015625 0.028646
0 0.386719 0.315104 0.013021 0.028646
0 0.409505 0.323568 0.014323 0.022135
0 0.599609 0.481120 0.022135 0.014323
0 0.626953 0.485677 0.024740 0.018229
0 0.664062 0.484375 0.023438 0.015625
0 0.777995 0.482422 0.014323 0.029948
0 0.875651 0.572266 0.016927 0.024740
0 0.810547 0.421224 0.019531 0.024740
0 0.822917 0.347005 0.015625 0.032552
0 0.839844 0.274089 0.018229 0.032552
0 0.800781 0.728516 0.028646 0.022135
0 0.902344 0.572266 0.015625 0.032552
0 0.916016 0.577474 0.014323 0.027344
0 0.979167 0.375651 0.028646 0.014323
0 0.923177 0.208984 0.026042 0.016927
0 0.953125 0.214844 0.026042 0.015625
0 0.929688 0.367188 0.023438 0.013021
0 0.578125 0.145182 0.028646 0.016927
0 0.546224 0.138672 0.024740 0.014323
0 0.611328 0.151693 0.022135 0.011719
0 0.089844 0.460938 0.028646 0.013021
