0 0.270833 0.437500 0.026042 0.018229
0 0.201172 0.546875 0.029948 0.018229
0 0.291667 0.572266 0.031250 0.019531
0 0.359375 0.570312 0.028646 0.015625
0 0.447917 0.604818 0.028646 0.019531
0 0.206380 0.682292 0.022135 0.020833
0 0.314453 0.756510 0.029948 0.015625
0 0.350260 0.765625 0.026042 0.015625
0 0.423828 0.769531 0.027344 0.018229
0 0.505859 0.529297 0.029948 0.016927
0 0.548177 0.516276 0.026042 0.019531
0 0.578776 0.525391 0.027344 0.022135
0 0.593750 0.732422 0.028646 0.016927
0 0.698568 0.715495 0.029948 0.019531
0 0.063151 0.914714 0.016927 0.027344
0 0.828125 0.820312 0.013021 0.026042
0 0.813151 0.823568 0.016927 0.027344
0 0.900391 0.825521 0.016927 0.028646
0 0.641276 0.569661 0.024740 0.019531
0 0.483073 0.466797 0.018229 0.027344
0 0.496745 0.375651 0.027344 0.016927
0 0.496745 0.360677 0.029948 0.015625
0 0.349609 0.219401 0.016927 0.029948
0 0.365234 0.218750 0.016927 0.028646
0 0.421224 0.231120 0.014323 0.029948
0 0.408854 0.225911 0.013021 0.029948
0 0.448568 0.236979 0.014323 0.028646
0 0.460286 0.238932 0.016927 0.029948
0 0.475260 0.244792 0.015625 0.028646
0 0.986979 0.813802 0.026042 0.018229
0 0.936849 0.832682 0.014323 0.032552
0 0.949870 0.840495 0.014323 0.032552
0 0.975260 0.845052 0.015625 0.026042
0 0.986979 0.847656 0.015625 0.028646
0 0.268229 0.527344 0.031250 0.020833
0 0.838542 0.173177 0.015625 0.026042
0 0.811198 0.246745 0.020833 0.029948
0 0.811198 0.307292 0.018229 0.028646
0 0.928385 0.477214 0.023438 0.022135
0 0.967448 0.735677 0.036458 0.020833
0 0.296224 0.930990 0.019531 0.026042
0 0.495443 0.040365 0.014323 0.028646
0 0.615234 0.537109 0.027344 0.014323
0 0.638021 0.552083 0.026042 0.023438
0 0.709635 0.790365 0.013021 0.028646
0 0.724609 0.791016 0.014323 0.029948
0 0.682292 0.783203 0.013021 0.027344
