0 0.586589 0.132812 0.022135 0.028646
0 0.639974 0.285156 0.032552 0.020833
0 0.675781 0.273438 0.031250 0.020833
0 0.708333 0.246745 0.031250 0.016927
0 0.720703 0.264974 0.027344 0.016927
0 0.768229 0.260417 0.028646 0.015625
0 0.802734 0.201823 0.024740 0.028646
0 0.692708 0.166667 0.020833 0.028646
0 0.707031 0.171224 0.020833 0.027344
0 0.720703 0.173828 0.022135 0.027344
0 0.731771 0.177083 0.023438 0.028646
0 0.742839 0.184896 0.016927 0.020833
0 0.756510 0.186198 0.026042 0.023438
0 0.766276 0.192057 0.022135 0.024740
0 0.777344 0.199870 0.018229 0.024740
0 0.684896 0.194661 0.018229 0.019531
0 0.699870 0.200521 0.016927 0.020833
0 0.710286 0.206380 0.019531 0.024740
0 0.722656 0.209635 0.020833 0.023438
0 0.735677 0.212891 0.020833 0.022135
0 0.750000 0.214193 0.015625 0.019531
0 0.787109 0.105469 0.029948 0.013021
0 0.800781 0.149740 0.015625 0.023438
0 0.812500 0.154297 0.015625 0.022135
0 0.826172 0.159505 0.019531 0.027344
0 0.837891 0.162109 0.016927 0.024740
0 0.850260 0.166667 0.020833 0.023438
0 0.853516 0.183594 0.024740 0.020833
0 0.894531 0.164062 0.018229 0.026042
0 0.925130 0.154297 0.016927 0.022135
0 0.944661 0.149089 0.014323 0.022135
0 0.958333 0.144531 0.015625 0.020833
0 0.972005 0.138672 0.014323 0.027344
0 0.983073 0.137370 0.015625 0.027344
0 0.430339 0.542969 0.032552 0.013021
0 0.504557 0.537760 0.024740 0.018229
0 0.696615 0.561198 0.018229 0.028646
0 0.664714 0.577474 0.016927 0.029948
0 0.669922 0.610677 0.019531 0.028646
0 0.673828 0.638672 0.019531 0.019531
0 0.673828 0.660156 0.011719 0.023438
0 0.703125 0.647786 0.015625 0.027344
0 0.682292 0.776042 0.015625 0.023438
0 0.665365 0.795573 0.026042 0.018229
0 0.644531 0.797526 0.020833 0.024740
0 0.626302 0.798828 0.020833 0.024740
0 0.610026 0.799479 0.022135 0.020833
0 0.600911 0.802734 0.019531 0.024740
0 0.587240 0.804036 0.018229 0.024740
0 0.572917 0.805990 0.018229 0.026042
0 0.560547 0.806641 0.016927 0.022135
0 0.548177 0.807943 0.018229 0.024740
0 0.534505 0.809245 0.019531 0.022135
0 0.524089 0.809896 0.014323 0.023438
0 0.485677 0.819661 0.023438 0.011719
0 0.481771 0.804036 0.026042 0.011719
0 0.501953 0.791667 0.024740 0.010417
0 0.505208 0.805990 0.023438 0.013021
0 0.506510 0.818359 0.026042 0.014323
0 0.240885 0.914714 0.023438 0.029948
0 0.744792 0.475911 0.031250 0.016927
0 0.824870 0.799479 0.024740 0.013021
0 0.703125 0.819661 0.015625 0.022135
0 0.856771 0.799479 0.020833 0.013021
0 0.898438 0.781250 0.026042 0.013021
0 0.911458 0.802734 0.028646 0.014323
0 0.651693 0.829427 0.022135 0.010417
0 0.652344 0.846354 0.026042 0.013021
0 0.648438 0.861328 0.026042 0.014323
0 0.651693 0.917318 0.032552 0.014323
0 0.650391 0.931641 0.029948 0.014323
0 0.650391 0.945964 0.027344 0.011719
0 0.648438 0.960938 0.031250 0.013021
0 0.649089 0.973958 0.027344 0.013021
0 0.646484 0.988932 0.029948 0.016927
0 0.687500 0.944661 0.013021 0.024740
0 0.805339 0.961589 0.024740 0.011719
0 0.934896 0.956380 0.028646 0.011719
0 0.244792 0.848958 0.018229 0.028646
0 0.246094 0.822266 0.018229 0.029948
0 0.005208 0.716146 0.007812 0.023438
0 0.016927 0.716797 0.015625 0.024740
0 0.031250 0.720052 0.015625 0.028646
0 0.053385 0.721354 0.015625 0.031250
0 0.067708 0.725911 0.015625 0.027344
0 0.081380 0.727865 0.014323 0.031250
0 0.098307 0.731120 0.019531 0.027344
0 0.089193 0.772135 0.016927 0.026042
0 0.072917 0.769531 0.015625 0.026042
0 0.046875 0.766927 0.018229 0.031250
0 0.030599 0.762370 0.014323 0.027344
0 0.018229 0.763021 0.013021 0.023438
0 0.100260 0.800130 0.015625 0.024740
0 0.085286 0.798828 0.014323 0.024740
0 0.070964 0.792969 0.014323 0.026042
0 0.056641 0.792969 0.016927 0.026042
0 0.031250 0.789062 0.015625 0.026042
0 0.016276 0.790365 0.014323 0.026042
0 0.004557 0.787760 0.006510 0.026042
0 0.109375 0.844401 0.023438 0.016927
