0 0.253906 0.522461 0.015625 0.041016
0 0.266927 0.529297 0.018229 0.042969
0 0.326172 0.566406 0.019531 0.042969
0 0.422526 0.573242 0.016927 0.041016
0 0.348958 0.428711 0.018229 0.041016
0 0.358724 0.238281 0.016927 0.046875
0 0.246745 0.366211 0.024740 0.025391
0 0.209635 0.533203 0.028646 0.027344
0 0.222656 0.595703 0.015625 0.042969
0 0.324219 0.511719 0.015625 0.046875
0 0.378906 0.598633 0.015625 0.037109
0 0.497396 0.438477 0.028646 0.021484
0 0.343099 0.030273 0.027344 0.021484
0 0.300130 0.396484 0.019531 0.042969
0 0.259766 0.333008 0.027344 0.029297
0 0.369141 0.546875 0.014323 0.042969
0 0.246094 0.617188 0.015625 0.039062
0 0.445312 0.734375 0.015625 0.042969
0 0.648438 0.708008 0.015625 0.037109
0 0.497396 0.600586 0.026042 0.017578
0 0.143229 0.414062 0.018229 0.042969
0 0.348307 0.010742 0.024740 0.017578
