0 0.098307 0.561523 0.027344 0.021484
0 0.188151 0.410156 0.027344 0.023438
0 0.130208 0.520508 0.031250 0.025391
0 0.214193 0.507812 0.029948 0.019531
0 0.414062 0.442383 0.033854 0.025391
0 0.403646 0.620117 0.031250 0.025391
0 0.492839 0.561523 0.027344 0.025391
0 0.464193 0.479492 0.035156 0.021484
0 0.661458 0.528320 0.031250 0.025391
0 0.805339 0.547852 0.027344 0.021484
0 0.701172 0.787109 0.024740 0.027344
0 0.784505 0.746094 0.027344 0.027344
0 0.950521 0.620117 0.033854 0.029297
0 0.973958 0.932617 0.026042 0.025391
0 0.652995 0.821289 0.029948 0.021484
0 0.488281 0.791016 0.026042 0.023438
0 0.448568 0.779297 0.024740 0.023438
0 0.287109 0.738281 0.027344 0.027344
0 0.382812 0.758789 0.023438 0.021484
0 0.225911 0.724609 0.029948 0.027344
0 0.542318 0.806641 0.032552 0.023438
0 0.268880 0.113281 0.032552 0.027344
0 0.274089 0.171875 0.027344 0.023438
0 0.299479 0.083984 0.013021 0.035156
0 0.313151 0.082031 0.014323 0.042969
0 0.363281 0.071289 0.013021 0.037109
0 0.376302 0.071289 0.013021 0.044922
0 0.338542 0.073242 0.015625 0.037109
0 0.061849 0.303711 0.014323 0.041016
0 0.207031 0.348633 0.013021 0.041016
0 0.085938 0.316406 0.013021 0.042969
0 0.122396 0.324219 0.013021 0.035156
0 0.145833 0.333984 0.013021 0.035156
0 0.170573 0.341797 0.013021 0.039062
0 0.192708 0.346680 0.013021 0.037109
0 0.568359 0.430664 0.019531 0.048828
0 0.265625 0.058594 0.028646 0.027344
0 0.338542 0.968750 0.015625 0.039062
0 0.888021 0.380859 0.013021 0.042969
