0 0.326823 0.150391 0.018229 0.022135
0 0.314453 0.162109 0.019531 0.024740
0 0.305990 0.169271 0.015625 0.018229
0 0.295573 0.180990 0.018229 0.023438
0 0.285156 0.184245 0.015625 0.027344
0 0.272786 0.194661 0.024740 0.022135
0 0.254557 0.208984 0.016927 0.022135
0 0.243490 0.218750 0.018229 0.020833
0 0.236328 0.230469 0.019531 0.023438
0 0.176432 0.264323 0.027344 0.018229
0 0.151042 0.282552 0.031250 0.015625
0 0.371094 0.222005 0.015625 0.029948
0 0.359375 0.229818 0.015625 0.024740
0 0.346354 0.235026 0.018229 0.027344
0 0.321615 0.239583 0.015625 0.026042
0 0.309245 0.248698 0.019531 0.031250
0 0.300781 0.255208 0.015625 0.023438
0 0.289062 0.258464 0.013021 0.027344
0 0.371094 0.269531 0.018229 0.023438
0 0.358724 0.275391 0.016927 0.019531
0 0.640625 0.023438 0.023438 0.018229
0 0.690104 0.007161 0.028646 0.011719
0 0.712240 0.020833 0.026042 0.018229
0 0.722005 0.027995 0.027344 0.016927
0 0.729818 0.051432 0.027344 0.022135
0 0.758464 0.054688 0.022135 0.028646
0 0.741536 0.074870 0.027344 0.019531
0 0.746094 0.087240 0.026042 0.018229
0 0.855469 0.106120 0.023438 0.027344
0 0.759115 0.104818 0.020833 0.024740
0 0.775391 0.111328 0.014323 0.024740
0 0.787760 0.118490 0.013021 0.023438
0 0.799479 0.122396 0.015625 0.023438
0 0.645833 0.067708 0.020833 0.026042
0 0.865234 0.160156 0.014323 0.023438
0 0.889323 0.145182 0.020833 0.027344
0 0.901042 0.143229 0.015625 0.028646
0 0.912109 0.135417 0.014323 0.026042
0 0.923177 0.130859 0.015625 0.029948
0 0.964844 0.114583 0.020833 0.031250
0 0.977865 0.108724 0.013021 0.024740
0 0.986328 0.102865 0.016927 0.031250
0 0.725911 0.297526 0.016927 0.022135
0 0.722656 0.339844 0.018229 0.036458
0 0.777995 0.365885 0.027344 0.028646
0 0.649740 0.399740 0.023438 0.028646
0 0.638672 0.451172 0.029948 0.022135
0 0.871745 0.256510 0.029948 0.018229
0 0.884766 0.270182 0.029948 0.016927
0 0.873698 0.288411 0.028646 0.022135
0 0.905599 0.244141 0.032552 0.022135
0 0.910807 0.259115 0.032552 0.018229
0 0.941406 0.244141 0.031250 0.019531
0 0.946615 0.259766 0.026042 0.019531
0 0.983724 0.226562 0.029948 0.020833
0 0.976562 0.247396 0.028646 0.018229
0 0.183594 0.496745 0.023438 0.027344
0 0.067708 0.560547 0.031250 0.016927
0 0.164714 0.537109 0.037760 0.019531
0 0.067057 0.626302 0.027344 0.018229
0 0.240885 0.518229 0.031250 0.023438
0 0.222656 0.559245 0.031250 0.022135
0 0.320964 0.484375 0.035156 0.018229
0 0.389974 0.473958 0.032552 0.023438
0 0.317057 0.516927 0.032552 0.023438
0 0.442708 0.468750 0.026042 0.023438
0 0.080078 0.695312 0.029948 0.018229
0 0.139974 0.691406 0.032552 0.023438
0 0.089844 0.723958 0.028646 0.018229
0 0.227865 0.666667 0.028646 0.023438
0 0.272135 0.611328 0.028646 0.022135
0 0.246745 0.641927 0.032552 0.023438
0 0.279948 0.627604 0.033854 0.018229
0 0.309245 0.611979 0.024740 0.020833
0 0.330729 0.624349 0.031250 0.019531
0 0.336589 0.581380 0.032552 0.022135
0 0.368490 0.569661 0.031250 0.022135
0 0.360677 0.592448 0.028646 0.018229
0 0.367188 0.608724 0.031250 0.022135
0 0.401042 0.596354 0.031250 0.020833
0 0.414062 0.567708 0.028646 0.018229
0 0.438151 0.574870 0.029948 0.019531
0 0.459635 0.545573 0.028646 0.020833
0 0.488932 0.518229 0.029948 0.018229
0 0.478516 0.557292 0.032552 0.018229
0 0.508464 0.546224 0.027344 0.016927
0 0.540365 0.531250 0.031250 0.018229
0 0.565104 0.518229 0.028646 0.015625
0 0.548177 0.491536 0.031250 0.019531
0 0.606120 0.469401 0.027344 0.016927
0 0.549479 0.511068 0.028646 0.016927
0 0.598307 0.502604 0.032552 0.020833
0 0.704427 0.531250 0.026042 0.028646
0 0.715495 0.572266 0.016927 0.035156
0 0.731120 0.597656 0.016927 0.026042
0 0.733073 0.633464 0.018229 0.035156
0 0.736979 0.676432 0.018229 0.032552
0 0.526693 0.633464 0.014323 0.029948
0 0.513021 0.638672 0.015625 0.029948
0 0.500000 0.645833 0.015625 0.033854
0 0.488932 0.652344 0.016927 0.031250
0 0.478516 0.653646 0.016927 0.036458
0 0.389974 0.694661 0.014323 0.024740
0 0.404297 0.688151 0.011719 0.024740
0 0.415365 0.680339 0.015625 0.029948
0 0.427083 0.674479 0.015625 0.028646
0 0.442057 0.669922 0.014323 0.027344
0 0.513021 0.675130 0.028646 0.022135
0 0.458333 0.712891 0.018229 0.029948
0 0.472656 0.707682 0.015625 0.027344
0 0.485026 0.704427 0.016927 0.026042
0 0.498698 0.701172 0.015625 0.032552
0 0.511719 0.697266 0.015625 0.029948
0 0.481120 0.803385 0.032552 0.015625
0 0.485026 0.819661 0.032552 0.016927
0 0.485026 0.842448 0.029948 0.015625
0 0.491536 0.862630 0.019531 0.029948
0 0.452474 0.884115 0.019531 0.026042
0 0.475260 0.910156 0.028646 0.013021
0 0.473307 0.922526 0.027344 0.014323
0 0.475911 0.936198 0.027344 0.013021
0 0.478516 0.949219 0.029948 0.015625
0 0.479818 0.960938 0.029948 0.015625
0 0.480469 0.975260 0.031250 0.015625
0 0.484375 0.986979 0.026042 0.015625
0 0.453125 0.950521 0.015625 0.023438
0 0.454427 0.980469 0.018229 0.031250
0 0.423177 0.912760 0.031250 0.013021
0 0.427083 0.923828 0.026042 0.011719
0 0.426432 0.939453 0.024740 0.014323
0 0.425781 0.949870 0.026042 0.014323
0 0.425781 0.962891 0.026042 0.016927
0 0.429036 0.977865 0.027344 0.013021
0 0.397786 0.917969 0.024740 0.013021
0 0.397135 0.930339 0.028646 0.011719
0 0.397786 0.944010 0.027344 0.013021
0 0.397786 0.957682 0.029948 0.014323
0 0.376953 0.944661 0.014323 0.029948
0 0.356771 0.960938 0.023438 0.020833
0 0.382161 0.984375 0.014323 0.031250
0 0.358073 0.977865 0.026042 0.015625
0 0.360026 0.988932 0.024740 0.016927
0 0.730469 0.734375 0.015625 0.031250
0 0.807943 0.599609 0.024740 0.024740
0 0.785807 0.670573 0.022135 0.023438
