0 0.182617 0.151042 0.019531 0.020833
0 0.162598 0.118490 0.020508 0.020833
0 0.112793 0.073568 0.020508 0.016927
0 0.122070 0.100260 0.017578 0.023438
0 0.056641 0.045573 0.021484 0.020833
0 0.071777 0.038411 0.018555 0.019531
0 0.384277 0.415365 0.024414 0.023438
0 0.433594 0.459635 0.023438 0.026042
0 0.467773 0.505859 0.021484 0.022135
0 0.751953 0.545573 0.013672 0.026042
0 0.933594 0.720052 0.009766 0.033854
0 0.897461 0.684896 0.011719 0.023438
0 0.341797 0.661458 0.017578 0.018229
0 0.260742 0.623047 0.017578 0.016927
0 0.179688 0.526693 0.019531 0.024740
0 0.223145 0.905599 0.014648 0.019531
0 0.196777 0.881510 0.014648 0.031250
0 0.078613 0.429036 0.020508 0.024740
0 0.079590 0.063802 0.018555 0.020833
0 0.045410 0.151693 0.020508 0.019531
0 0.362793 0.677734 0.016602 0.022135
0 0.172852 0.554688 0.017578 0.020833
