0 0.348307 0.484375 0.029948 0.023438
0 0.354167 0.578125 0.031250 0.019531
0 0.386068 0.583008 0.032552 0.021484
0 0.421224 0.578125 0.029948 0.023438
0 0.455729 0.579102 0.031250 0.021484
0 0.494141 0.574219 0.032552 0.023438
0 0.529948 0.569336 0.026042 0.021484
0 0.579427 0.564453 0.033854 0.019531
0 0.619792 0.538086 0.033854 0.021484
0 0.666667 0.540039 0.028646 0.021484
0 0.708333 0.534180 0.028646 0.021484
0 0.713542 0.561523 0.033854 0.025391
0 0.766276 0.532227 0.032552 0.021484
0 0.802083 0.528320 0.031250 0.021484
0 0.839193 0.528320 0.035156 0.021484
0 0.828125 0.552734 0.033854 0.019531
0 0.791016 0.555664 0.029948 0.021484
0 0.940104 0.304688 0.015625 0.042969
0 0.946615 0.581055 0.028646 0.044922
0 0.952474 0.679688 0.016927 0.039062
0 0.984375 0.742188 0.018229 0.046875
0 0.363932 0.325195 0.016927 0.033203
