0 0.179688 0.246094 0.013672 0.031250
0 0.371582 0.410807 0.022461 0.019531
0 0.485352 0.322266 0.021484 0.014323
0 0.488770 0.252604 0.020508 0.013021
0 0.485840 0.294271 0.022461 0.013021
0 0.364258 0.152995 0.019531 0.011719
0 0.363281 0.138021 0.021484 0.013021
0 0.527344 0.153646 0.013672 0.023438
0 0.487305 0.264974 0.021484 0.011719
0 0.422852 0.432292 0.021484 0.020833
0 0.618652 0.134115 0.020508 0.013021
0 0.812500 0.120443 0.013672 0.022135
0 0.400879 0.140625 0.014648 0.026042
0 0.440430 0.139323 0.013672 0.028646
0 0.470703 0.132812 0.015625 0.018229
0 0.511719 0.110677 0.009766 0.026042
0 0.073242 0.062500 0.011719 0.028646
0 0.075684 0.131510 0.010742 0.026042
0 0.025879 0.052734 0.012695 0.029948
0 0.022461 0.097656 0.009766 0.026042
0 0.055664 0.100911 0.011719 0.027344
0 0.041504 0.126302 0.012695 0.026042
0 0.012695 0.124349 0.011719 0.024740
0 0.049805 0.057943 0.013672 0.029948
0 0.496582 0.662109 0.014648 0.032552
0 0.519531 0.655599 0.015625 0.029948
0 0.472656 0.710938 0.011719 0.026042
0 0.495117 0.701172 0.015625 0.029948
0 0.541016 0.650391 0.019531 0.016927
0 0.131836 0.629557 0.013672 0.032552
0 0.162109 0.770182 0.023438 0.019531
0 0.071777 0.814453 0.016602 0.027344
0 0.085449 0.908854 0.026367 0.020833
0 0.182617 0.182292 0.013672 0.028646
0 0.692871 0.860026 0.020508 0.024740
0 0.688965 0.804036 0.018555 0.019531
0 0.199707 0.805339 0.024414 0.019531
0 0.671387 0.113932 0.022461 0.011719
0 0.381348 0.772135 0.018555 0.015625
