0 0.620443 0.130859 0.029948 0.035156
0 0.608073 0.179688 0.026042 0.035156
0 0.447266 0.335938 0.032552 0.039062
0 0.216797 0.513672 0.029948 0.035156
0 0.239583 0.181641 0.020833 0.039062
0 0.254557 0.181641 0.019531 0.039062
0 0.294922 0.148438 0.022135 0.039062
0 0.266276 0.166992 0.019531 0.041016
0 0.279948 0.237305 0.023438 0.037109
0 0.244792 0.267578 0.020833 0.035156
0 0.319661 0.201172 0.022135 0.031250
0 0.687500 0.095703 0.026042 0.039062
0 0.231120 0.795898 0.032552 0.033203
0 0.027995 0.760742 0.029948 0.029297
0 0.088542 0.863281 0.028646 0.031250
0 0.151693 0.876953 0.027344 0.031250
0 0.423828 0.838867 0.019531 0.041016
0 0.546224 0.705078 0.019531 0.042969
0 0.436198 0.826172 0.023438 0.035156
0 0.644531 0.589844 0.023438 0.046875
0 0.638021 0.698242 0.023438 0.048828
0 0.472656 0.885742 0.020833 0.044922
0 0.528646 0.721680 0.020833 0.033203
0 0.569661 0.679688 0.022135 0.042969
0 0.276042 0.498047 0.028646 0.039062
0 0.233073 0.101562 0.026042 0.050781
0 0.271484 0.076172 0.019531 0.039062
0 0.694010 0.572266 0.018229 0.042969
0 0.860677 0.618164 0.018229 0.052734
0 0.922526 0.056641 0.035156 0.042969
0 0.458333 0.395508 0.036458 0.033203
0 0.064453 0.762695 0.029948 0.033203
0 0.173828 0.811523 0.024740 0.033203
0 0.485677 0.770508 0.023438 0.041016
0 0.833984 0.449219 0.014323 0.042969
0 0.587891 0.750977 0.019531 0.029297
0 0.546224 0.805664 0.022135 0.037109
0 0.310547 0.135742 0.019531 0.037109
0 0.255208 0.252930 0.020833 0.044922
0 0.875651 0.190430 0.029948 0.037109
0 0.843750 0.398438 0.018229 0.035156
0 0.864583 0.721680 0.018229 0.044922
0 0.426432 0.938477 0.022135 0.048828
0 0.841146 0.360352 0.015625 0.037109
0 0.586589 0.652344 0.019531 0.042969
0 0.648438 0.687500 0.015625 0.046875
0 0.664062 0.676758 0.020833 0.041016
0 0.452474 0.912109 0.019531 0.042969
0 0.260417 0.734375 0.028646 0.031250
0 0.377604 0.400391 0.028646 0.031250
0 0.450521 0.296875 0.028646 0.031250
0 0.275391 0.871094 0.027344 0.019531
