0 0.724609 0.077474 0.019531 0.032552
0 0.703776 0.114583 0.016927 0.031250
0 0.585938 0.047526 0.018229 0.035156
0 0.770182 0.085286 0.014323 0.032552
0 0.799479 0.094401 0.020833 0.029948
0 0.817708 0.110677 0.020833 0.031250
0 0.809245 0.018229 0.014323 0.028646
0 0.856771 0.079427 0.026042 0.013021
0 0.701823 0.254557 0.015625 0.035156
0 0.736979 0.273438 0.018229 0.036458
0 0.710286 0.309896 0.016927 0.028646
0 0.820964 0.303385 0.014323 0.031250
0 0.725260 0.408854 0.020833 0.031250
0 0.742839 0.443359 0.014323 0.037760
0 0.716797 0.468099 0.014323 0.032552
0 0.688802 0.500651 0.013021 0.029948
0 0.707682 0.535807 0.016927 0.035156
0 0.822266 0.427083 0.016927 0.031250
0 0.802083 0.544922 0.023438 0.037760
0 0.738281 0.606120 0.018229 0.032552
0 0.724609 0.733724 0.016927 0.029948
0 0.740885 0.944010 0.013021 0.031250
0 0.926432 0.109375 0.014323 0.023438
0 0.902344 0.113932 0.013021 0.024740
0 0.890625 0.114583 0.010417 0.026042
0 0.880859 0.114583 0.011719 0.020833
0 0.867839 0.114583 0.011719 0.023438
0 0.874349 0.621094 0.029948 0.015625
0 0.900391 0.636719 0.032552 0.015625
0 0.888021 0.657552 0.033854 0.015625
0 0.859375 0.667969 0.031250 0.015625
0 0.849609 0.690755 0.019531 0.024740
0 0.876302 0.705729 0.020833 0.026042
0 0.978516 0.689453 0.029948 0.016927
0 0.857422 0.750651 0.016927 0.032552
0 0.858073 0.807943 0.015625 0.035156
0 0.858073 0.860026 0.018229 0.032552
0 0.889323 0.881510 0.013021 0.033854
0 0.847005 0.897786 0.009115 0.029948
0 0.082031 0.343099 0.020833 0.027344
0 0.095703 0.343099 0.014323 0.029948
0 0.145182 0.341797 0.014323 0.027344
0 0.444661 0.293620 0.027344 0.014323
0 0.500651 0.289062 0.032552 0.015625
0 0.445312 0.306641 0.026042 0.011719
0 0.444010 0.319010 0.028646 0.013021
0 0.445312 0.330729 0.026042 0.013021
0 0.442708 0.345052 0.031250 0.013021
0 0.445312 0.358073 0.028646 0.013021
0 0.501302 0.303385 0.031250 0.013021
0 0.501302 0.319661 0.026042 0.014323
0 0.500000 0.333333 0.028646 0.013021
0 0.501302 0.347656 0.031250 0.013021
0 0.500000 0.373047 0.031250 0.014323
0 0.649089 0.377604 0.014323 0.028646
0 0.632161 0.417318 0.014323 0.027344
0 0.110677 0.505859 0.031250 0.014323
0 0.077474 0.550781 0.032552 0.015625
0 0.119792 0.564453 0.033854 0.016927
0 0.194661 0.543620 0.032552 0.019531
0 0.174479 0.492188 0.028646 0.018229
0 0.300781 0.552734 0.026042 0.014323
0 0.363932 0.562500 0.027344 0.018229
0 0.413411 0.487630 0.014323 0.029948
0 0.471354 0.504557 0.028646 0.014323
0 0.305339 0.605469 0.040365 0.020833
0 0.350260 0.588542 0.031250 0.018229
0 0.406250 0.592448 0.031250 0.018229
0 0.444661 0.594401 0.027344 0.014323
0 0.440104 0.555339 0.028646 0.016927
0 0.497396 0.572266 0.031250 0.016927
0 0.482422 0.595703 0.027344 0.016927
0 0.509766 0.595052 0.027344 0.018229
0 0.544271 0.597656 0.031250 0.013021
0 0.557943 0.554036 0.029948 0.016927
0 0.402344 0.613932 0.028646 0.016927
0 0.336589 0.625000 0.024740 0.013021
0 0.434245 0.613932 0.027344 0.014323
0 0.477865 0.617839 0.028646 0.016927
0 0.509115 0.615885 0.026042 0.015625
0 0.582682 0.612630 0.027344 0.016927
0 0.543620 0.613932 0.029948 0.016927
0 0.494792 0.636719 0.033854 0.013021
0 0.497396 0.660156 0.028646 0.020833
0 0.602865 0.641276 0.028646 0.019531
0 0.563802 0.669271 0.028646 0.015625
0 0.576823 0.742188 0.031250 0.020833
0 0.613932 0.606120 0.029948 0.016927
0 0.156250 0.813151 0.018229 0.022135
0 0.164062 0.834635 0.028646 0.013021
0 0.154297 0.847005 0.027344 0.014323
0 0.059896 0.856771 0.026042 0.015625
0 0.086589 0.860677 0.024740 0.018229
0 0.114583 0.863932 0.026042 0.014323
0 0.143229 0.863281 0.028646 0.015625
0 0.185547 0.809896 0.011719 0.028646
0 0.197917 0.811849 0.010417 0.027344
0 0.209635 0.811849 0.010417 0.024740
0 0.222005 0.813802 0.014323 0.028646
