0 0.297363 0.415039 0.022461 0.021484
0 0.297852 0.441406 0.021484 0.023438
0 0.308594 0.539062 0.019531 0.023438
0 0.312012 0.563477 0.020508 0.021484
0 0.315918 0.583984 0.018555 0.023438
0 0.317383 0.606445 0.023438 0.029297
0 0.334473 0.370117 0.014648 0.033203
0 0.339355 0.409180 0.012695 0.041016
0 0.341309 0.453125 0.016602 0.039062
0 0.317383 0.627930 0.021484 0.029297
0 0.364258 0.475586 0.023438 0.029297
0 0.365723 0.498047 0.018555 0.023438
0 0.394043 0.541992 0.014648 0.037109
0 0.406738 0.546875 0.012695 0.042969
0 0.416504 0.536133 0.010742 0.041016
0 0.435059 0.528320 0.014648 0.048828
0 0.447266 0.520508 0.013672 0.044922
0 0.463867 0.510742 0.013672 0.044922
0 0.483887 0.503906 0.012695 0.039062
0 0.493652 0.500977 0.014648 0.048828
0 0.513672 0.488281 0.011719 0.042969
0 0.524902 0.484375 0.010742 0.042969
0 0.543945 0.476562 0.011719 0.039062
0 0.555664 0.467773 0.013672 0.041016
0 0.610352 0.439453 0.009766 0.042969
0 0.664551 0.417969 0.010742 0.042969
0 0.677734 0.411133 0.011719 0.048828
0 0.685547 0.404297 0.013672 0.050781
0 0.697266 0.399414 0.011719 0.044922
0 0.706543 0.394531 0.012695 0.046875
0 0.718750 0.386719 0.011719 0.042969
0 0.726074 0.458008 0.022461 0.037109
0 0.410156 0.599609 0.023438 0.023438
0 0.433105 0.590820 0.018555 0.025391
0 0.452148 0.581055 0.023438 0.021484
0 0.565918 0.538086 0.018555 0.025391
0 0.588867 0.523438 0.019531 0.027344
0 0.628418 0.507812 0.020508 0.031250
0 0.651367 0.496094 0.023438 0.027344
0 0.675781 0.483398 0.023438 0.025391
0 0.702637 0.467773 0.022461 0.025391
0 0.531738 0.055664 0.020508 0.021484
0 0.532227 0.076172 0.021484 0.019531
0 0.533203 0.097656 0.023438 0.023438
0 0.536133 0.118164 0.023438 0.017578
0 0.541504 0.139648 0.022461 0.025391
0 0.615723 0.122070 0.022461 0.025391
0 0.642578 0.108398 0.023438 0.041016
0 0.688477 0.084961 0.021484 0.025391
0 0.734863 0.066406 0.024414 0.027344
0 0.716309 0.116211 0.020508 0.025391
0 0.944824 0.473633 0.020508 0.033203
0 0.924805 0.876953 0.013672 0.050781
0 0.037598 0.979492 0.028320 0.025391
0 0.091797 0.941406 0.044922 0.039062
0 0.134277 0.926758 0.020508 0.021484
0 0.164062 0.908203 0.039062 0.031250
0 0.214355 0.882812 0.034180 0.027344
0 0.250977 0.865234 0.035156 0.031250
0 0.324707 0.831055 0.038086 0.041016
0 0.352051 0.822266 0.020508 0.031250
0 0.400879 0.793945 0.065430 0.048828
0 0.497559 0.752930 0.045898 0.041016
0 0.664551 0.675781 0.079102 0.058594
0 0.460938 0.772461 0.029297 0.033203
0 0.983887 0.217773 0.012695 0.052734
