0 0.455078 0.054036 0.019531 0.035156
0 0.516276 0.050130 0.019531 0.032552
0 0.546224 0.029948 0.019531 0.031250
0 0.490885 0.104818 0.018229 0.035156
0 0.530599 0.106120 0.016927 0.032552
0 0.584635 0.118490 0.018229 0.028646
0 0.459635 0.139974 0.020833 0.032552
0 0.549479 0.178385 0.018229 0.028646
0 0.494792 0.231120 0.013021 0.024740
0 0.458984 0.221354 0.016927 0.031250
0 0.477214 0.171224 0.014323 0.029948
0 0.478516 0.246745 0.019531 0.027344
0 0.398438 0.239583 0.018229 0.031250
0 0.459635 0.283854 0.015625 0.026042
0 0.585938 0.262370 0.018229 0.029948
0 0.532552 0.349609 0.018229 0.029948
0 0.493490 0.299479 0.013021 0.026042
0 0.522135 0.279948 0.015625 0.026042
0 0.476562 0.361979 0.015625 0.028646
0 0.459635 0.322917 0.015625 0.033854
0 0.492839 0.392578 0.014323 0.024740
0 0.517578 0.407552 0.022135 0.028646
0 0.476562 0.476562 0.015625 0.028646
0 0.429688 0.484375 0.018229 0.028646
0 0.498047 0.494792 0.014323 0.028646
0 0.483724 0.531250 0.016927 0.028646
0 0.464193 0.544922 0.014323 0.032552
0 0.429036 0.585938 0.016927 0.033854
0 0.481120 0.584635 0.019531 0.033854
0 0.539062 0.550781 0.018229 0.031250
0 0.496094 0.560547 0.018229 0.029948
0 0.547526 0.640625 0.016927 0.026042
0 0.483073 0.661458 0.018229 0.031250
0 0.462891 0.654948 0.014323 0.023438
0 0.525391 0.669271 0.019531 0.033854
0 0.543620 0.742839 0.022135 0.032552
0 0.479818 0.738281 0.016927 0.028646
0 0.523438 0.754557 0.015625 0.029948
0 0.496094 0.760417 0.020833 0.031250
0 0.485677 0.855469 0.015625 0.028646
0 0.502604 0.897786 0.020833 0.027344
0 0.467448 0.890625 0.018229 0.028646
0 0.559896 0.891927 0.015625 0.033854
0 0.503255 0.972005 0.019531 0.029948
0 0.694661 0.015625 0.016927 0.026042
0 0.259115 0.184896 0.018229 0.028646
