0 0.523438 0.548828 0.018229 0.042969
0 0.519531 0.387695 0.015625 0.044922
0 0.509766 0.068359 0.014323 0.054688
0 0.527344 0.029297 0.015625 0.035156
0 0.503255 0.165039 0.016927 0.048828
0 0.531901 0.173828 0.016927 0.042969
0 0.515625 0.247070 0.018229 0.048828
0 0.533203 0.291016 0.016927 0.046875
0 0.644531 0.312500 0.015625 0.050781
0 0.577474 0.487305 0.019531 0.041016
0 0.539714 0.776367 0.016927 0.052734
0 0.635417 0.863281 0.018229 0.042969
0 0.521484 0.654297 0.016927 0.039062
0 0.541016 0.930664 0.014323 0.044922
0 0.571615 0.077148 0.015625 0.052734
0 0.440755 0.748047 0.016927 0.046875
0 0.473307 0.914062 0.016927 0.046875
0 0.749349 0.565430 0.014323 0.048828
0 0.767578 0.552734 0.014323 0.046875
0 0.751953 0.690430 0.014323 0.044922
0 0.731120 0.630859 0.032552 0.023438
0 0.725260 0.569336 0.028646 0.021484
0 0.471354 0.678711 0.015625 0.048828
0 0.333984 0.031250 0.014323 0.046875
0 0.580729 0.815430 0.018229 0.048828
0 0.582031 0.665039 0.018229 0.041016
0 0.522135 0.468750 0.015625 0.042969
0 0.539714 0.432617 0.016927 0.048828
0 0.507812 0.911133 0.015625 0.044922
0 0.781250 0.761719 0.028646 0.023438
0 0.891276 0.765625 0.027344 0.023438
0 0.839193 0.757812 0.027344 0.023438
0 0.779948 0.703125 0.026042 0.027344
0 0.782552 0.639648 0.028646 0.025391
0 0.894531 0.821289 0.015625 0.044922
0 0.566406 0.930664 0.018229 0.041016
0 0.789714 0.557617 0.014323 0.052734
0 0.523438 0.821289 0.018229 0.041016
