0 0.457682 0.502604 0.022135 0.028646
0 0.579427 0.495443 0.026042 0.024740
0 0.747396 0.300130 0.031250 0.029948
0 0.824870 0.290365 0.032552 0.023438
0 0.791667 0.397135 0.033854 0.023438
0 0.829427 0.199870 0.028646 0.016927
0 0.554688 0.526042 0.023438 0.026042
0 0.744141 0.373047 0.029948 0.027344
0 0.046875 0.911458 0.031250 0.028646
0 0.085938 0.959635 0.028646 0.026042
0 0.849609 0.162109 0.029948 0.027344
0 0.492839 0.602865 0.024740 0.026042
0 0.473958 0.628906 0.023438 0.028646
0 0.481120 0.611979 0.029948 0.023438
0 0.604818 0.602865 0.016927 0.033854
0 0.685547 0.490234 0.024740 0.027344
0 0.704427 0.511068 0.026042 0.022135
0 0.727214 0.542318 0.029948 0.022135
0 0.951823 0.050130 0.028646 0.024740
0 0.865234 0.140625 0.024740 0.023438
0 0.814453 0.267578 0.029948 0.016927
0 0.807943 0.233073 0.032552 0.020833
0 0.930990 0.066406 0.023438 0.026042
0 0.531250 0.551432 0.031250 0.022135
