0 0.189453 0.537109 0.015625 0.050781
0 0.229492 0.591797 0.015625 0.050781
0 0.174316 0.712891 0.012695 0.046875
0 0.207031 0.811523 0.013672 0.044922
0 0.137695 0.844727 0.015625 0.044922
0 0.161621 0.882812 0.012695 0.050781
0 0.177246 0.872070 0.012695 0.044922
0 0.204590 0.629883 0.016602 0.041016
0 0.170410 0.529297 0.014648 0.050781
0 0.148438 0.515625 0.015625 0.042969
0 0.143066 0.596680 0.012695 0.041016
0 0.167480 0.427734 0.012695 0.050781
0 0.141113 0.287109 0.012695 0.046875
0 0.205078 0.203125 0.013672 0.039062
0 0.193848 0.240234 0.010742 0.042969
0 0.189941 0.403320 0.016602 0.052734
0 0.098633 0.401367 0.015625 0.044922
0 0.134277 0.171875 0.012695 0.054688
0 0.219727 0.750977 0.013672 0.041016
0 0.197754 0.330078 0.012695 0.035156
0 0.155762 0.085938 0.014648 0.046875
0 0.141602 0.028320 0.013672 0.044922
0 0.206543 0.027344 0.012695 0.046875
0 0.511230 0.817383 0.010742 0.044922
0 0.433594 0.080078 0.015625 0.050781
0 0.455078 0.077148 0.011719 0.044922
0 0.487305 0.073242 0.011719 0.044922
0 0.473633 0.078125 0.011719 0.042969
0 0.484863 0.806641 0.018555 0.019531
0 0.536133 0.820312 0.013672 0.039062
0 0.485840 0.845703 0.020508 0.015625
0 0.566895 0.828125 0.010742 0.042969
0 0.457031 0.374023 0.011719 0.037109
0 0.589355 0.184570 0.020508 0.021484
0 0.244141 0.450195 0.013672 0.041016
0 0.587402 0.210938 0.022461 0.027344
0 0.586914 0.229492 0.021484 0.021484
0 0.587402 0.250977 0.020508 0.021484
0 0.586914 0.290039 0.027344 0.021484
0 0.229004 0.972656 0.016602 0.042969
0 0.720215 0.754883 0.014648 0.044922
0 0.486816 0.865234 0.020508 0.027344
0 0.554199 0.830078 0.012695 0.046875
0 0.615234 0.791016 0.019531 0.023438
0 0.183594 0.117188 0.013672 0.039062
