0 0.179688 0.259115 0.018229 0.023438
0 0.239583 0.332682 0.023438 0.024740
0 0.195964 0.337240 0.019531 0.023438
0 0.436198 0.462891 0.026042 0.022135
0 0.410156 0.451172 0.023438 0.019531
0 0.383464 0.438802 0.027344 0.020833
0 0.358724 0.423828 0.019531 0.016927
0 0.592448 0.535156 0.028646 0.023438
0 0.665365 0.573568 0.031250 0.022135
0 0.345052 0.460286 0.023438 0.022135
0 0.373698 0.473307 0.031250 0.022135
0 0.569661 0.563151 0.027344 0.022135
0 0.485677 0.527995 0.026042 0.022135
0 0.408854 0.488281 0.023438 0.023438
0 0.215495 0.360677 0.022135 0.020833
0 0.208984 0.299479 0.024740 0.026042
0 0.621094 0.585938 0.026042 0.020833
0 0.647135 0.598958 0.028646 0.023438
0 0.561198 0.522135 0.026042 0.018229
0 0.442708 0.220052 0.018229 0.026042
0 0.438151 0.250651 0.022135 0.029948
0 0.409505 0.292318 0.019531 0.029948
0 0.269531 0.410156 0.026042 0.023438
0 0.332031 0.410807 0.026042 0.016927
0 0.317057 0.441406 0.024740 0.020833
0 0.313151 0.048177 0.032552 0.023438
0 0.807292 0.221354 0.018229 0.031250
0 0.888021 0.752604 0.026042 0.028646
0 0.752604 0.660807 0.026042 0.024740
0 0.945312 0.755208 0.026042 0.028646
0 0.855469 0.687500 0.028646 0.020833
0 0.784505 0.677083 0.027344 0.023438
0 0.808594 0.655599 0.028646 0.024740
0 0.420573 0.198568 0.018229 0.035156
0 0.406250 0.263021 0.015625 0.028646
0 0.432943 0.280599 0.019531 0.032552
0 0.156901 0.291016 0.022135 0.022135
0 0.957031 0.166016 0.018229 0.029948
0 0.931641 0.168620 0.019531 0.027344
