0 0.693359 0.195964 0.029948 0.019531
0 0.548828 0.326172 0.019531 0.029948
0 0.514974 0.335938 0.016927 0.028646
0 0.535156 0.376302 0.028646 0.015625
0 0.572917 0.393880 0.028646 0.016927
0 0.518229 0.403646 0.018229 0.031250
0 0.539062 0.388021 0.031250 0.018229
0 0.539714 0.399740 0.027344 0.015625
0 0.538411 0.415365 0.029948 0.015625
0 0.538411 0.428385 0.032552 0.018229
0 0.548828 0.475911 0.027344 0.011719
0 0.547526 0.501302 0.024740 0.013021
0 0.552083 0.520182 0.028646 0.014323
0 0.597656 0.468750 0.026042 0.015625
0 0.602865 0.404297 0.018229 0.027344
0 0.609375 0.495443 0.020833 0.011719
0 0.572917 0.500651 0.023438 0.016927
0 0.598307 0.456380 0.029948 0.014323
0 0.106771 0.154948 0.023438 0.028646
0 0.197266 0.376953 0.029948 0.022135
0 0.089844 0.056641 0.018229 0.027344
