0 0.040365 0.194661 0.028646 0.016927
0 0.083333 0.188151 0.026042 0.022135
0 0.122396 0.203776 0.026042 0.019531
0 0.158854 0.230469 0.026042 0.015625
0 0.086589 0.210286 0.050781 0.027344
0 0.246094 0.297526 0.033854 0.016927
0 0.615234 0.407552 0.027344 0.023438
0 0.453125 0.347656 0.028646 0.020833
0 0.553385 0.378906 0.031250 0.020833
0 0.650391 0.406250 0.027344 0.018229
0 0.750651 0.352865 0.019531 0.028646
0 0.727865 0.453125 0.023438 0.018229
0 0.096354 0.344401 0.018229 0.022135
0 0.108724 0.347656 0.014323 0.023438
0 0.121745 0.354818 0.016927 0.027344
0 0.133464 0.358073 0.014323 0.026042
0 0.143880 0.361328 0.014323 0.022135
0 0.157552 0.366536 0.015625 0.027344
0 0.170573 0.369792 0.018229 0.023438
0 0.214193 0.356120 0.029948 0.016927
0 0.245443 0.378906 0.019531 0.013021
0 0.242839 0.391927 0.024740 0.018229
0 0.089193 0.369792 0.019531 0.028646
0 0.100911 0.372396 0.014323 0.028646
0 0.112630 0.378255 0.016927 0.027344
0 0.125000 0.381510 0.013021 0.028646
0 0.137370 0.384115 0.014323 0.028646
0 0.192057 0.403646 0.019531 0.028646
0 0.330078 0.485677 0.027344 0.015625
0 0.475260 0.538411 0.015625 0.032552
0 0.374349 0.652995 0.019531 0.032552
0 0.319010 0.402344 0.028646 0.018229
0 0.327474 0.389974 0.027344 0.022135
0 0.500651 0.444010 0.016927 0.026042
0 0.479167 0.436849 0.013021 0.022135
0 0.466797 0.429688 0.011719 0.028646
0 0.442057 0.429036 0.016927 0.029948
0 0.419922 0.416667 0.016927 0.031250
0 0.886719 0.496745 0.028646 0.019531
0 0.938802 0.499349 0.031250 0.019531
0 0.329427 0.203125 0.013021 0.028646
0 0.406250 0.228516 0.015625 0.027344
0 0.047526 0.117839 0.016927 0.029948
0 0.092448 0.154297 0.023438 0.016927
0 0.291016 0.919271 0.014323 0.023438
0 0.302083 0.990885 0.026042 0.015625
0 0.335286 0.919271 0.016927 0.023438
0 0.832031 0.763672 0.010417 0.029948
0 0.855469 0.773438 0.015625 0.023438
0 0.799479 0.641927 0.020833 0.023438
0 0.812500 0.642578 0.018229 0.027344
0 0.826823 0.646484 0.015625 0.027344
0 0.839844 0.654948 0.020833 0.028646
0 0.851562 0.658854 0.018229 0.031250
0 0.867188 0.662109 0.023438 0.027344
0 0.888672 0.673828 0.024740 0.024740
0 0.373047 0.029297 0.016927 0.027344
0 0.430990 0.046224 0.018229 0.032552
0 0.327474 0.064453 0.014323 0.024740
0 0.593099 0.154948 0.016927 0.026042
0 0.490885 0.069661 0.018229 0.027344
0 0.038411 0.176432 0.022135 0.016927
