0 0.137370 0.078776 0.040365 0.053385
0 0.179688 0.160807 0.020833 0.024740
0 0.173177 0.177083 0.015625 0.020833
0 0.428385 0.408854 0.044271 0.062500
0 0.594401 0.707682 0.050781 0.045573
0 0.583333 0.725911 0.041667 0.042969
0 0.360677 0.502604 0.028646 0.026042
0 0.435547 0.526693 0.027344 0.024740
0 0.226562 0.660807 0.020833 0.024740
0 0.378255 0.957031 0.024740 0.031250
0 0.388672 0.547526 0.024740 0.016927
0 0.397135 0.557943 0.026042 0.016927
0 0.399740 0.571615 0.028646 0.020833
0 0.260417 0.185547 0.046875 0.045573
0 0.220703 0.134115 0.045573 0.049479
0 0.703125 0.570312 0.049479 0.033854
0 0.449870 0.538411 0.027344 0.016927
0 0.452474 0.554036 0.029948 0.024740
0 0.485026 0.571615 0.029948 0.026042
0 0.494792 0.582031 0.026042 0.026042
0 0.503255 0.598958 0.022135 0.031250
0 0.542969 0.601562 0.023438 0.023438
0 0.569661 0.603516 0.024740 0.029948
0 0.539714 0.665365 0.024740 0.020833
0 0.538411 0.683594 0.022135 0.020833
0 0.695312 0.973307 0.023438 0.029948
0 0.722656 0.595052 0.052083 0.044271
0 0.747396 0.619141 0.049479 0.045573
0 0.815755 0.679036 0.048177 0.040365
0 0.871745 0.736979 0.045573 0.039062
0 0.953125 0.746745 0.065104 0.040365
0 0.653646 0.201823 0.046875 0.041667
0 0.652344 0.171224 0.023438 0.022135
0 0.875651 0.218750 0.024740 0.020833
