0 0.462240 0.544922 0.023438 0.032552
0 0.535807 0.467448 0.019531 0.031250
0 0.519531 0.455078 0.015625 0.032552
0 0.609375 0.516927 0.018229 0.031250
0 0.544922 0.604167 0.024740 0.028646
0 0.357422 0.475260 0.016927 0.031250
0 0.733724 0.600911 0.016927 0.035156
0 0.716797 0.593099 0.019531 0.032552
0 0.703125 0.581380 0.026042 0.032552
0 0.685547 0.565755 0.019531 0.032552
0 0.649740 0.544922 0.015625 0.032552
0 0.635417 0.539714 0.018229 0.029948
0 0.573568 0.491536 0.016927 0.027344
0 0.475911 0.427083 0.016927 0.026042
0 0.763021 0.623047 0.015625 0.035156
0 0.384115 0.497396 0.023438 0.033854
0 0.490885 0.564453 0.026042 0.032552
0 0.477214 0.555339 0.022135 0.032552
0 0.516927 0.577474 0.023438 0.024740
0 0.522786 0.587891 0.022135 0.027344
0 0.533203 0.597005 0.027344 0.027344
0 0.589844 0.627604 0.023438 0.028646
0 0.611979 0.647786 0.020833 0.027344
0 0.624349 0.656901 0.022135 0.024740
0 0.669271 0.683594 0.023438 0.028646
0 0.682292 0.692708 0.018229 0.031250
0 0.748698 0.712240 0.031250 0.026042
0 0.443359 0.406250 0.027344 0.020833
0 0.332031 0.309896 0.026042 0.023438
0 0.969401 0.764323 0.016927 0.033854
0 0.421224 0.511068 0.019531 0.027344
0 0.430990 0.520182 0.020833 0.022135
0 0.440104 0.530599 0.023438 0.027344
