0 0.033203 0.031250 0.019531 0.042969
0 0.053385 0.068359 0.015625 0.039062
0 0.105469 0.124023 0.018229 0.044922
0 0.164714 0.187500 0.022135 0.039062
0 0.205729 0.228516 0.023438 0.039062
0 0.194010 0.239258 0.023438 0.033203
0 0.173828 0.259766 0.024740 0.039062
0 0.167969 0.281250 0.026042 0.031250
0 0.181641 0.322266 0.027344 0.031250
0 0.246094 0.327148 0.028646 0.037109
0 0.286458 0.436523 0.028646 0.041016
0 0.406250 0.547852 0.026042 0.037109
0 0.393229 0.559570 0.028646 0.041016
0 0.519531 0.643555 0.023438 0.037109
0 0.501953 0.672852 0.024740 0.037109
0 0.324219 0.382812 0.026042 0.039062
0 0.257812 0.295898 0.023438 0.033203
0 0.205729 0.277344 0.026042 0.042969
0 0.082682 0.102539 0.016927 0.041016
0 0.448568 0.577148 0.022135 0.037109
0 0.606771 0.824219 0.020833 0.035156
0 0.665365 0.875000 0.023438 0.042969
0 0.655599 0.839844 0.019531 0.039062
0 0.617188 0.841797 0.023438 0.035156
0 0.703776 0.949219 0.019531 0.039062
0 0.682943 0.907227 0.019531 0.033203
0 0.712240 0.972656 0.026042 0.035156
0 0.242188 0.459961 0.020833 0.029297
0 0.249349 0.387695 0.024740 0.033203
0 0.011719 0.910156 0.020833 0.031250
0 0.294922 0.215820 0.019531 0.037109
0 0.269531 0.182617 0.023438 0.033203
0 0.192057 0.081055 0.016927 0.029297
0 0.781901 0.174805 0.024740 0.025391
