0 0.358073 0.740885 0.031250 0.015625
0 0.352865 0.729167 0.036458 0.015625
0 0.350260 0.714193 0.033854 0.016927
0 0.311198 0.651042 0.018229 0.028646
0 0.326172 0.647135 0.016927 0.028646
0 0.341146 0.646484 0.018229 0.035156
0 0.356771 0.641276 0.018229 0.029948
0 0.384115 0.691406 0.015625 0.020833
0 0.397786 0.686198 0.016927 0.031250
0 0.412109 0.682943 0.016927 0.029948
0 0.429036 0.681641 0.019531 0.027344
0 0.514323 0.604818 0.020833 0.029948
0 0.445964 0.613932 0.016927 0.027344
0 0.466146 0.635417 0.031250 0.018229
0 0.701823 0.559245 0.020833 0.037760
0 0.616536 0.578125 0.019531 0.033854
0 0.574870 0.591797 0.016927 0.032552
0 0.558594 0.588542 0.018229 0.026042
0 0.572266 0.648438 0.016927 0.033854
0 0.542969 0.654297 0.020833 0.027344
0 0.514323 0.658854 0.015625 0.026042
0 0.498698 0.662109 0.018229 0.024740
0 0.472656 0.672526 0.020833 0.029948
0 0.420573 0.712891 0.013021 0.024740
0 0.390625 0.719401 0.018229 0.027344
0 0.648438 0.660156 0.015625 0.026042
0 0.603516 0.723958 0.016927 0.023438
0 0.639974 0.631510 0.014323 0.023438
0 0.625651 0.634766 0.014323 0.019531
0 0.612630 0.637370 0.011719 0.022135
0 0.599609 0.639323 0.016927 0.026042
0 0.683594 0.652344 0.026042 0.013021
0 0.660807 0.571615 0.016927 0.031250
0 0.670573 0.624349 0.028646 0.016927
0 0.679688 0.636719 0.028646 0.015625
0 0.360677 0.784505 0.015625 0.027344
0 0.375000 0.779948 0.015625 0.028646
0 0.431641 0.768229 0.016927 0.026042
0 0.732422 0.699219 0.014323 0.023438
0 0.702474 0.704427 0.016927 0.026042
0 0.690104 0.706380 0.015625 0.024740
0 0.574870 0.730469 0.014323 0.026042
0 0.347656 0.694661 0.033854 0.016927
0 0.589193 0.587891 0.016927 0.029948
0 0.746094 0.240234 0.026042 0.016927
0 0.873698 0.436198 0.026042 0.018229
0 0.819661 0.434245 0.027344 0.022135
0 0.578776 0.678385 0.016927 0.028646
0 0.619141 0.664714 0.014323 0.029948
0 0.635417 0.661458 0.015625 0.028646
0 0.563151 0.679688 0.016927 0.028646
0 0.550130 0.682292 0.014323 0.028646
0 0.328125 0.793620 0.015625 0.029948
0 0.648438 0.568359 0.015625 0.027344
