0 0.530599 0.412109 0.022135 0.042969
0 0.500651 0.468750 0.022135 0.042969
0 0.481120 0.516602 0.022135 0.041016
0 0.462240 0.549805 0.018229 0.044922
0 0.444661 0.585938 0.022135 0.039062
0 0.422526 0.632812 0.022135 0.039062
0 0.601562 0.249023 0.020833 0.041016
0 0.567708 0.328125 0.018229 0.039062
0 0.401693 0.672852 0.019531 0.033203
0 0.388672 0.704102 0.022135 0.037109
0 0.367839 0.748047 0.024740 0.042969
0 0.348307 0.787109 0.022135 0.039062
0 0.330078 0.825195 0.022135 0.037109
0 0.304688 0.873047 0.020833 0.042969
0 0.285156 0.916016 0.020833 0.039062
0 0.264323 0.960938 0.026042 0.046875
0 0.759766 0.108398 0.024740 0.041016
0 0.534505 0.486328 0.022135 0.046875
0 0.218750 0.188477 0.020833 0.048828
0 0.513672 0.528320 0.022135 0.041016
0 0.779948 0.135742 0.020833 0.037109
0 0.768880 0.124023 0.019531 0.037109
0 0.790365 0.155273 0.023438 0.041016
0 0.850260 0.217773 0.023438 0.029297
0 0.962240 0.336914 0.028646 0.033203
