0 0.162109 0.199219 0.024740 0.039062
0 0.296224 0.209961 0.022135 0.033203
0 0.310547 0.250977 0.022135 0.025391
0 0.548828 0.791016 0.027344 0.035156
0 0.561849 0.841797 0.027344 0.039062
0 0.628906 0.842773 0.020833 0.041016
0 0.640625 0.832031 0.018229 0.039062
0 0.652344 0.824219 0.023438 0.046875
0 0.689453 0.798828 0.022135 0.042969
0 0.709635 0.773438 0.023438 0.039062
0 0.800130 0.701172 0.019531 0.031250
0 0.613932 0.937500 0.029948 0.031250
0 0.396484 0.590820 0.019531 0.037109
0 0.407552 0.686523 0.028646 0.033203
0 0.414714 0.710938 0.027344 0.031250
0 0.267578 0.236328 0.022135 0.039062
0 0.287109 0.288086 0.019531 0.041016
0 0.301432 0.327148 0.022135 0.041016
0 0.349609 0.360352 0.022135 0.041016
0 0.520182 0.255859 0.019531 0.031250
0 0.300130 0.396484 0.029948 0.027344
0 0.294922 0.376953 0.024740 0.027344
0 0.306641 0.423828 0.029948 0.035156
0 0.431641 0.473633 0.024740 0.029297
0 0.442057 0.489258 0.027344 0.033203
0 0.445312 0.510742 0.031250 0.033203
0 0.462240 0.543945 0.028646 0.037109
0 0.454427 0.644531 0.018229 0.042969
0 0.498698 0.758789 0.018229 0.044922
0 0.820964 0.490234 0.024740 0.039062
0 0.783203 0.379883 0.024740 0.029297
0 0.793620 0.398438 0.029948 0.031250
0 0.744792 0.126953 0.020833 0.039062
0 0.764323 0.175781 0.020833 0.042969
0 0.316406 0.058594 0.023438 0.039062
0 0.327474 0.043945 0.016927 0.033203
0 0.339844 0.028320 0.020833 0.041016
0 0.465495 0.566406 0.024740 0.031250
0 0.310547 0.898438 0.022135 0.019531
0 0.839193 0.183594 0.019531 0.035156
0 0.875000 0.818359 0.049479 0.058594
