0 0.033203 0.583008 0.019531 0.041016
0 0.032552 0.348633 0.026042 0.033203
0 0.258464 0.446289 0.022135 0.041016
0 0.197917 0.390625 0.023438 0.042969
0 0.325521 0.623047 0.020833 0.046875
0 0.292318 0.759766 0.029948 0.027344
0 0.394531 0.672852 0.028646 0.029297
0 0.477865 0.602539 0.028646 0.029297
0 0.531250 0.499023 0.031250 0.033203
0 0.596354 0.550781 0.018229 0.050781
0 0.625000 0.625977 0.026042 0.044922
0 0.552083 0.429688 0.020833 0.046875
0 0.529948 0.385742 0.023438 0.041016
0 0.510417 0.314453 0.020833 0.039062
0 0.462240 0.188477 0.018229 0.033203
0 0.451823 0.157227 0.018229 0.033203
0 0.417969 0.135742 0.023438 0.041016
0 0.401042 0.145508 0.020833 0.033203
0 0.693359 0.573242 0.024740 0.029297
0 0.784505 0.348633 0.029948 0.021484
0 0.785156 0.370117 0.026042 0.025391
0 0.815755 0.388672 0.016927 0.039062
0 0.837891 0.363281 0.019531 0.042969
0 0.798828 0.304688 0.014323 0.046875
0 0.839844 0.303711 0.013021 0.037109
0 0.865234 0.303711 0.016927 0.041016
0 0.968099 0.356445 0.022135 0.041016
0 0.850260 0.441406 0.031250 0.031250
0 0.878906 0.416992 0.028646 0.029297
0 0.906250 0.396484 0.028646 0.035156
