0 0.382324 0.035156 0.012695 0.031250
0 0.399414 0.018880 0.015625 0.024740
0 0.440918 0.013021 0.014648 0.023438
0 0.487793 0.019531 0.012695 0.026042
0 0.523438 0.069010 0.013672 0.028646
0 0.446289 0.052734 0.025391 0.016927
0 0.484863 0.078776 0.018555 0.024740
0 0.394531 0.076823 0.017578 0.028646
0 0.383301 0.101562 0.012695 0.028646
0 0.510254 0.146484 0.012695 0.027344
0 0.502930 0.171224 0.015625 0.024740
0 0.490234 0.200521 0.017578 0.023438
0 0.392578 0.333984 0.011719 0.032552
0 0.301270 0.525391 0.016602 0.029948
0 0.311523 0.630859 0.013672 0.029948
0 0.300781 0.772135 0.011719 0.031250
0 0.306641 0.860026 0.013672 0.029948
0 0.466309 0.473307 0.036133 0.029948
0 0.463867 0.489583 0.023438 0.018229
0 0.457031 0.502604 0.021484 0.018229
0 0.609375 0.547526 0.042969 0.035156
0 0.661133 0.563802 0.021484 0.020833
0 0.711426 0.583333 0.022461 0.020833
0 0.749512 0.597656 0.024414 0.028646
0 0.518066 0.507812 0.030273 0.018229
0 0.514160 0.308594 0.012695 0.028646
0 0.662109 0.343750 0.011719 0.026042
0 0.554688 0.325521 0.019531 0.031250
0 0.628906 0.395182 0.015625 0.027344
0 0.535645 0.372396 0.014648 0.031250
0 0.795410 0.400391 0.014648 0.027344
0 0.823242 0.415365 0.011719 0.033854
0 0.824219 0.388672 0.011719 0.027344
0 0.838867 0.389323 0.013672 0.028646
0 0.831055 0.419271 0.011719 0.028646
0 0.842285 0.423177 0.012695 0.028646
0 0.860840 0.427083 0.012695 0.031250
0 0.931641 0.615885 0.015625 0.031250
0 0.941895 0.621094 0.012695 0.028646
0 0.955566 0.623698 0.012695 0.031250
0 0.947754 0.813151 0.020508 0.022135
0 0.040527 0.347005 0.018555 0.022135
0 0.053223 0.386068 0.018555 0.024740
0 0.023926 0.393229 0.020508 0.020833
0 0.121094 0.464193 0.019531 0.016927
0 0.201172 0.483073 0.021484 0.015625
0 0.173340 0.488932 0.020508 0.019531
0 0.197754 0.498698 0.022461 0.015625
0 0.068848 0.483073 0.018555 0.015625
0 0.055176 0.632161 0.012695 0.024740
0 0.064453 0.640625 0.011719 0.023438
0 0.051270 0.658203 0.012695 0.027344
0 0.083008 0.677734 0.021484 0.016927
0 0.079102 0.691406 0.019531 0.018229
0 0.075684 0.705729 0.022461 0.015625
0 0.027832 0.674479 0.020508 0.015625
0 0.344727 0.774089 0.021484 0.016927
0 0.554688 0.061198 0.017578 0.020833
0 0.456055 0.226562 0.023438 0.020833
0 0.401855 0.198568 0.018555 0.016927
0 0.575684 0.130859 0.018555 0.027344
0 0.825195 0.836589 0.013672 0.029948
