0 0.416667 0.640625 0.028646 0.026042
0 0.367188 0.660156 0.031250 0.031250
0 0.381510 0.684896 0.028646 0.026042
0 0.388021 0.695312 0.028646 0.028646
0 0.440755 0.671875 0.029948 0.023438
0 0.456380 0.711589 0.024740 0.029948
0 0.444661 0.723958 0.024740 0.026042
0 0.423177 0.651693 0.026042 0.027344
0 0.395833 0.706380 0.026042 0.024740
0 0.586589 0.456380 0.019531 0.022135
0 0.634115 0.473958 0.028646 0.023438
0 0.651693 0.381510 0.022135 0.031250
0 0.716797 0.429688 0.027344 0.026042
0 0.925130 0.315104 0.027344 0.026042
0 0.745443 0.423177 0.027344 0.028646
0 0.738281 0.411458 0.023438 0.023438
0 0.875000 0.306641 0.028646 0.024740
0 0.901693 0.336589 0.022135 0.024740
0 0.906901 0.348307 0.022135 0.019531
0 0.921875 0.368490 0.026042 0.026042
0 0.955078 0.357422 0.027344 0.024740
