0 0.042318 0.386068 0.022135 0.024740
0 0.087891 0.414714 0.024740 0.029948
0 0.142578 0.512370 0.022135 0.029948
0 0.207682 0.630859 0.019531 0.029948
0 0.111328 0.637370 0.027344 0.029948
0 0.057292 0.666016 0.033854 0.024740
0 0.248047 0.701172 0.019531 0.027344
0 0.188151 0.780599 0.014323 0.032552
0 0.201172 0.773438 0.016927 0.028646
0 0.267578 0.811198 0.022135 0.028646
0 0.246745 0.781901 0.024740 0.024740
0 0.315104 0.822266 0.020833 0.027344
0 0.563802 0.546875 0.023438 0.026042
0 0.578776 0.541667 0.019531 0.028646
0 0.594401 0.531901 0.022135 0.027344
0 0.602865 0.522786 0.018229 0.027344
0 0.616536 0.516927 0.016927 0.031250
0 0.718750 0.559245 0.020833 0.027344
0 0.734375 0.553385 0.023438 0.026042
0 0.833333 0.234375 0.031250 0.046875
0 0.258464 0.237630 0.035156 0.050781
0 0.137370 0.576823 0.019531 0.023438
0 0.108724 0.527995 0.019531 0.022135
0 0.121094 0.556641 0.018229 0.027344
0 0.041667 0.411458 0.023438 0.026042
0 0.016276 0.361979 0.019531 0.026042
0 0.118490 0.597656 0.033854 0.026042
0 0.943359 0.375651 0.029948 0.035156
