0 0.184896 0.090495 0.023438 0.024740
0 0.270182 0.244141 0.016927 0.027344
0 0.283854 0.268880 0.020833 0.024740
0 0.295573 0.291016 0.018229 0.022135
0 0.306641 0.310547 0.016927 0.022135
0 0.345052 0.379557 0.020833 0.027344
0 0.358724 0.404948 0.019531 0.023438
0 0.380859 0.445312 0.022135 0.026042
0 0.423177 0.518880 0.020833 0.029948
0 0.434245 0.544922 0.019531 0.024740
0 0.460286 0.589193 0.019531 0.024740
0 0.471354 0.613281 0.020833 0.028646
0 0.562500 0.708984 0.020833 0.022135
0 0.583333 0.697917 0.023438 0.018229
0 0.246094 0.204427 0.020833 0.026042
