0 0.079427 0.196615 0.020833 0.026042
0 0.108073 0.244792 0.018229 0.026042
0 0.116536 0.270833 0.024740 0.015625
0 0.136068 0.300781 0.024740 0.023438
0 0.149740 0.326172 0.023438 0.024740
0 0.016927 0.299479 0.023438 0.015625
0 0.029948 0.322917 0.028646 0.018229
0 0.046875 0.356120 0.023438 0.016927
0 0.182292 0.378906 0.023438 0.031250
0 0.184896 0.406250 0.023438 0.026042
0 0.112630 0.426432 0.019531 0.027344
0 0.130859 0.456380 0.022135 0.024740
0 0.220703 0.473958 0.019531 0.028646
0 0.182292 0.550130 0.026042 0.022135
0 0.117188 0.487630 0.023438 0.022135
0 0.060547 0.377604 0.027344 0.020833
0 0.132161 0.511719 0.019531 0.028646
0 0.162760 0.563802 0.028646 0.020833
0 0.260417 0.537109 0.026042 0.027344
0 0.273438 0.567057 0.020833 0.024740
0 0.287109 0.590495 0.022135 0.027344
0 0.180990 0.596354 0.026042 0.018229
0 0.238281 0.709635 0.026042 0.026042
0 0.257812 0.735026 0.023438 0.029948
0 0.086589 0.432943 0.024740 0.024740
0 0.095703 0.446615 0.022135 0.026042
0 0.103516 0.460286 0.022135 0.024740
0 0.683594 0.214193 0.026042 0.024740
0 0.533854 0.384115 0.020833 0.028646
0 0.565755 0.402995 0.024740 0.024740
0 0.481771 0.407552 0.023438 0.026042
0 0.497396 0.434245 0.023438 0.024740
0 0.514323 0.427734 0.023438 0.024740
0 0.341146 0.493490 0.023438 0.026042
0 0.481120 0.539062 0.022135 0.028646
0 0.494792 0.533854 0.018229 0.028646
0 0.513672 0.395182 0.024740 0.024740
0 0.294922 0.807292 0.027344 0.018229
0 0.306641 0.819010 0.029948 0.020833
0 0.325521 0.868490 0.028646 0.018229
0 0.375000 0.954427 0.031250 0.018229
0 0.388021 0.976562 0.031250 0.026042
0 0.383464 0.928385 0.022135 0.023438
0 0.364583 0.891927 0.020833 0.028646
0 0.329427 0.783854 0.033854 0.062500
0 0.231771 0.641927 0.020833 0.023438
