0 0.307943 0.610026 0.029948 0.027344
0 0.310547 0.639974 0.027344 0.022135
0 0.389974 0.688802 0.027344 0.023438
0 0.380208 0.591146 0.028646 0.023438
0 0.461589 0.520833 0.032552 0.020833
0 0.527344 0.501302 0.031250 0.023438
0 0.581380 0.490234 0.024740 0.019531
0 0.824870 0.501953 0.024740 0.042969
0 0.708333 0.425781 0.028646 0.023438
0 0.737630 0.387370 0.027344 0.022135
0 0.903646 0.293620 0.026042 0.019531
0 0.899089 0.320312 0.024740 0.018229
0 0.580078 0.563802 0.029948 0.018229
0 0.462891 0.559245 0.027344 0.019531
0 0.607422 0.057943 0.032552 0.045573
0 0.852865 0.576823 0.018229 0.031250
