0 0.228516 0.033854 0.024740 0.018229
0 0.235026 0.072266 0.027344 0.016927
0 0.238281 0.111328 0.026042 0.016927
0 0.274089 0.034505 0.019531 0.024740
0 0.276693 0.065755 0.016927 0.027344
0 0.289062 0.120443 0.018229 0.027344
0 0.311198 0.210286 0.018229 0.027344
0 0.303385 0.326172 0.023438 0.027344
0 0.310547 0.346354 0.022135 0.028646
0 0.318359 0.361328 0.014323 0.024740
0 0.362630 0.397135 0.022135 0.026042
0 0.354818 0.332682 0.019531 0.027344
0 0.382812 0.379557 0.015625 0.024740
0 0.399089 0.408203 0.014323 0.029948
0 0.429036 0.461589 0.019531 0.029948
0 0.449870 0.487630 0.016927 0.024740
0 0.498047 0.569010 0.019531 0.028646
0 0.518880 0.592448 0.019531 0.031250
0 0.537109 0.614583 0.019531 0.026042
0 0.531250 0.636068 0.023438 0.022135
0 0.556641 0.635417 0.019531 0.026042
0 0.559896 0.711589 0.031250 0.019531
0 0.649089 0.719401 0.022135 0.027344
0 0.695312 0.758464 0.023438 0.022135
0 0.720052 0.773438 0.023438 0.018229
0 0.752604 0.791667 0.023438 0.020833
0 0.774089 0.804688 0.022135 0.018229
0 0.826823 0.832031 0.026042 0.020833
0 0.677734 0.835286 0.024740 0.029948
0 0.667318 0.823568 0.016927 0.029948
0 0.953125 0.826823 0.028646 0.015625
0 0.940104 0.867188 0.015625 0.033854
0 0.954427 0.875000 0.018229 0.028646
0 0.968750 0.878255 0.013021 0.032552
0 0.979818 0.879557 0.014323 0.029948
0 0.994141 0.875651 0.011719 0.032552
0 0.230469 0.518229 0.026042 0.013021
0 0.077474 0.511719 0.027344 0.015625
0 0.136719 0.516927 0.028646 0.013021
0 0.086589 0.633464 0.024740 0.027344
