0 0.376953 0.121745 0.016927 0.027344
0 0.626953 0.261068 0.024740 0.014323
0 0.629557 0.290365 0.027344 0.015625
0 0.560547 0.312500 0.029948 0.015625
0 0.563802 0.341797 0.031250 0.016927
0 0.658203 0.271484 0.022135 0.011719
0 0.656901 0.285807 0.027344 0.014323
0 0.658203 0.301432 0.024740 0.014323
0 0.656901 0.315104 0.024740 0.013021
0 0.656250 0.331380 0.026042 0.014323
0 0.654297 0.346354 0.027344 0.015625
0 0.749349 0.270833 0.027344 0.015625
0 0.723958 0.285156 0.028646 0.015625
0 0.718099 0.300781 0.027344 0.013021
0 0.719401 0.316406 0.027344 0.018229
0 0.749349 0.299479 0.024740 0.015625
0 0.750000 0.314453 0.023438 0.011719
0 0.748047 0.329427 0.027344 0.013021
0 0.749349 0.347656 0.032552 0.015625
0 0.714193 0.397135 0.014323 0.026042
0 0.686849 0.399089 0.014323 0.029948
0 0.674479 0.398438 0.015625 0.028646
0 0.744792 0.397786 0.013021 0.024740
0 0.574870 0.402995 0.014323 0.027344
0 0.508464 0.399740 0.009115 0.020833
0 0.800781 0.483073 0.028646 0.018229
0 0.345703 0.420573 0.014323 0.026042
0 0.245443 0.510417 0.027344 0.018229
0 0.209635 0.503906 0.028646 0.013021
0 0.224609 0.567057 0.027344 0.016927
0 0.336589 0.567057 0.022135 0.027344
0 0.268880 0.660807 0.029948 0.022135
0 0.276693 0.712891 0.027344 0.016927
0 0.280599 0.727865 0.029948 0.013021
0 0.279948 0.739583 0.028646 0.013021
0 0.279297 0.752604 0.027344 0.015625
0 0.277995 0.781901 0.024740 0.016927
0 0.343099 0.744141 0.014323 0.029948
