0 0.369792 0.045898 0.015625 0.041016
0 0.310547 0.085938 0.014323 0.042969
0 0.311198 0.128906 0.013021 0.039062
0 0.253906 0.078125 0.023438 0.015625
0 0.249349 0.159180 0.029948 0.021484
0 0.251953 0.200195 0.022135 0.021484
0 0.251302 0.221680 0.026042 0.017578
0 0.253906 0.241211 0.026042 0.017578
0 0.254557 0.261719 0.027344 0.023438
0 0.254557 0.304688 0.027344 0.019531
0 0.255208 0.414062 0.026042 0.023438
0 0.255208 0.435547 0.026042 0.019531
0 0.255208 0.458008 0.031250 0.025391
0 0.252604 0.515625 0.023438 0.023438
0 0.251953 0.612305 0.024740 0.017578
0 0.253255 0.630859 0.024740 0.023438
0 0.256510 0.695312 0.026042 0.023438
0 0.255859 0.726562 0.027344 0.023438
0 0.253906 0.749023 0.031250 0.021484
0 0.252604 0.769531 0.023438 0.019531
0 0.253255 0.789062 0.027344 0.019531
0 0.618490 0.968750 0.031250 0.027344
0 0.808594 0.738281 0.057292 0.039062
0 0.965495 0.686523 0.040365 0.037109
