0 0.100911 0.314453 0.024740 0.023438
0 0.101562 0.337891 0.026042 0.023438
0 0.100911 0.359375 0.027344 0.023438
0 0.102865 0.395508 0.026042 0.021484
0 0.103516 0.416992 0.022135 0.021484
0 0.100911 0.481445 0.032552 0.025391
0 0.104167 0.508789 0.026042 0.021484
0 0.102865 0.530273 0.026042 0.017578
0 0.101562 0.549805 0.028646 0.017578
0 0.100260 0.573242 0.028646 0.021484
0 0.097656 0.592773 0.023438 0.017578
0 0.103516 0.613281 0.029948 0.027344
0 0.102214 0.638672 0.024740 0.023438
0 0.171875 0.272461 0.018229 0.041016
0 0.187500 0.270508 0.013021 0.037109
0 0.217448 0.269531 0.013021 0.039062
0 0.277995 0.274414 0.014323 0.041016
0 0.304688 0.271484 0.013021 0.039062
0 0.346354 0.268555 0.013021 0.041016
0 0.356120 0.300781 0.024740 0.027344
0 0.412760 0.297852 0.020833 0.025391
0 0.384766 0.302734 0.022135 0.019531
0 0.439453 0.310547 0.027344 0.019531
0 0.467448 0.276367 0.015625 0.041016
0 0.450521 0.271484 0.010417 0.035156
0 0.491536 0.299805 0.016927 0.025391
0 0.524740 0.303711 0.026042 0.025391
0 0.524740 0.212891 0.010417 0.039062
0 0.539062 0.212891 0.013021 0.039062
0 0.555339 0.209961 0.014323 0.037109
0 0.516927 0.271484 0.013021 0.042969
0 0.529948 0.268555 0.010417 0.037109
0 0.542969 0.271484 0.013021 0.039062
0 0.556641 0.268555 0.014323 0.044922
0 0.143880 0.345703 0.014323 0.042969
0 0.157552 0.345703 0.013021 0.046875
0 0.172526 0.347656 0.014323 0.042969
0 0.184245 0.344727 0.016927 0.041016
0 0.210286 0.340820 0.011719 0.044922
0 0.223307 0.345703 0.011719 0.042969
0 0.237630 0.347656 0.011719 0.042969
0 0.254557 0.349609 0.014323 0.039062
0 0.272135 0.350586 0.013021 0.037109
0 0.285156 0.351562 0.013021 0.046875
0 0.299479 0.351562 0.010417 0.042969
0 0.314453 0.352539 0.011719 0.041016
0 0.332031 0.365234 0.013021 0.039062
0 0.352214 0.359375 0.011719 0.039062
0 0.389323 0.360352 0.013021 0.044922
0 0.402344 0.359375 0.013021 0.039062
0 0.415365 0.362305 0.013021 0.044922
0 0.429036 0.361328 0.014323 0.039062
0 0.452474 0.361328 0.011719 0.031250
0 0.465495 0.360352 0.011719 0.037109
0 0.478516 0.357422 0.011719 0.035156
0 0.492188 0.356445 0.010417 0.037109
0 0.505859 0.357422 0.011719 0.035156
0 0.531250 0.356445 0.010417 0.033203
0 0.546875 0.360352 0.015625 0.037109
0 0.585286 0.365234 0.022135 0.019531
0 0.585938 0.404297 0.028646 0.023438
0 0.586589 0.428711 0.027344 0.021484
0 0.144531 0.393555 0.018229 0.044922
0 0.143229 0.441406 0.015625 0.042969
0 0.145182 0.529297 0.019531 0.042969
0 0.173828 0.451172 0.014323 0.042969
0 0.173177 0.535156 0.015625 0.050781
0 0.185547 0.400391 0.014323 0.039062
0 0.223307 0.402344 0.014323 0.042969
0 0.236979 0.409180 0.013021 0.037109
0 0.223307 0.456055 0.014323 0.029297
0 0.223307 0.512695 0.014323 0.037109
0 0.250651 0.532227 0.014323 0.037109
0 0.253255 0.450195 0.011719 0.041016
0 0.271484 0.400391 0.011719 0.042969
0 0.285156 0.402344 0.013021 0.039062
0 0.300781 0.398438 0.013021 0.039062
0 0.313802 0.411133 0.013021 0.044922
0 0.287109 0.465820 0.011719 0.041016
0 0.302083 0.447266 0.013021 0.031250
0 0.272786 0.544922 0.014323 0.042969
0 0.289714 0.542969 0.014323 0.042969
0 0.299479 0.500000 0.013021 0.046875
0 0.314453 0.486328 0.014323 0.042969
0 0.350260 0.457031 0.013021 0.039062
0 0.333333 0.533203 0.015625 0.042969
0 0.350260 0.413086 0.013021 0.037109
0 0.363932 0.432617 0.011719 0.037109
0 0.363281 0.487305 0.013021 0.037109
0 0.363932 0.535156 0.011719 0.046875
0 0.388672 0.537109 0.011719 0.050781
0 0.378255 0.468750 0.014323 0.046875
0 0.402344 0.401367 0.013021 0.033203
0 0.401042 0.453125 0.010417 0.035156
0 0.429036 0.451172 0.011719 0.035156
0 0.417318 0.530273 0.011719 0.037109
0 0.402995 0.549805 0.011719 0.037109
0 0.429036 0.408203 0.016927 0.039062
0 0.451823 0.412109 0.013021 0.042969
0 0.452474 0.459961 0.011719 0.037109
0 0.455729 0.537109 0.013021 0.042969
0 0.477865 0.437500 0.018229 0.046875
0 0.490885 0.407227 0.013021 0.041016
0 0.520833 0.402344 0.013021 0.042969
0 0.477214 0.533203 0.014323 0.042969
0 0.491536 0.512695 0.011719 0.041016
0 0.505208 0.497070 0.010417 0.041016
0 0.505859 0.562500 0.014323 0.042969
0 0.546224 0.414062 0.011719 0.035156
0 0.545573 0.462891 0.015625 0.042969
0 0.543620 0.521484 0.014323 0.054688
0 0.584635 0.469727 0.018229 0.017578
0 0.587240 0.513672 0.020833 0.019531
0 0.522786 0.658203 0.011719 0.035156
0 0.510417 0.657227 0.013021 0.041016
0 0.563151 0.658203 0.014323 0.039062
0 0.721354 0.412109 0.015625 0.046875
0 0.699870 0.462891 0.014323 0.046875
0 0.683594 0.458008 0.015625 0.048828
0 0.684245 0.708008 0.016927 0.041016
0 0.753255 0.272461 0.016927 0.052734
0 0.692057 0.328125 0.016927 0.042969
0 0.703125 0.157227 0.018229 0.044922
0 0.737630 0.553711 0.016927 0.044922
0 0.698568 0.860352 0.016927 0.048828
0 0.751953 0.839844 0.016927 0.042969
0 0.542318 0.907227 0.027344 0.025391
0 0.536458 0.962891 0.023438 0.015625
0 0.575521 0.013672 0.028646 0.019531
0 0.529948 0.013672 0.031250 0.023438
0 0.453776 0.011719 0.024740 0.019531
