0 0.133464 0.189453 0.029948 0.019531
0 0.127604 0.215495 0.028646 0.019531
0 0.098307 0.205729 0.029948 0.023438
0 0.193359 0.130208 0.029948 0.015625
0 0.089844 0.261068 0.023438 0.024740
0 0.039062 0.255208 0.018229 0.020833
0 0.048828 0.287109 0.022135 0.032552
0 0.065104 0.361328 0.015625 0.024740
0 0.052083 0.363932 0.015625 0.027344
0 0.144531 0.509115 0.028646 0.018229
0 0.192708 0.143880 0.031250 0.016927
0 0.328125 0.049479 0.015625 0.031250
0 0.335938 0.113932 0.020833 0.032552
0 0.340495 0.158203 0.016927 0.029948
0 0.347656 0.223307 0.015625 0.032552
0 0.352865 0.281250 0.020833 0.049479
0 0.360677 0.350260 0.013021 0.023438
0 0.360026 0.385417 0.016927 0.026042
0 0.420573 0.049479 0.015625 0.028646
0 0.386068 0.265625 0.014323 0.028646
0 0.375000 0.299479 0.015625 0.023438
0 0.377604 0.345052 0.015625 0.026042
0 0.379557 0.384115 0.019531 0.026042
0 0.397786 0.398438 0.016927 0.026042
0 0.396484 0.337891 0.024740 0.024740
0 0.390625 0.456380 0.018229 0.027344
0 0.413411 0.511719 0.016927 0.028646
0 0.283854 0.507812 0.026042 0.026042
0 0.346354 0.428385 0.023438 0.031250
0 0.625000 0.347656 0.028646 0.015625
0 0.626953 0.375651 0.029948 0.019531
0 0.386719 0.423177 0.018229 0.028646
0 0.393880 0.495443 0.016927 0.024740
0 0.456380 0.567057 0.022135 0.032552
0 0.580078 0.259115 0.032552 0.015625
0 0.649089 0.268229 0.027344 0.015625
0 0.731771 0.456380 0.023438 0.027344
0 0.672526 0.398438 0.024740 0.033854
0 0.681641 0.406901 0.022135 0.027344
0 0.691406 0.413411 0.023438 0.024740
0 0.718099 0.441406 0.022135 0.026042
0 0.753255 0.476562 0.019531 0.023438
0 0.764323 0.484375 0.023438 0.026042
0 0.780599 0.502604 0.027344 0.026042
0 0.789062 0.513021 0.023438 0.026042
0 0.800130 0.517578 0.022135 0.022135
0 0.826823 0.558594 0.013021 0.028646
0 0.851562 0.555339 0.015625 0.027344
0 0.865885 0.554688 0.015625 0.026042
0 0.890625 0.566406 0.013021 0.026042
0 0.901042 0.571615 0.013021 0.028646
0 0.912109 0.600911 0.014323 0.027344
0 0.931641 0.595052 0.014323 0.028646
0 0.945312 0.600911 0.015625 0.029948
0 0.968099 0.607422 0.014323 0.027344
0 0.552083 0.018880 0.028646 0.014323
0 0.554688 0.040365 0.028646 0.010417
0 0.616536 0.070964 0.027344 0.014323
0 0.617839 0.085286 0.024740 0.011719
0 0.619792 0.100911 0.026042 0.014323
0 0.616536 0.113932 0.029948 0.014323
0 0.889974 0.699870 0.058594 0.027344
0 0.824219 0.708984 0.057292 0.029948
0 0.742839 0.657552 0.029948 0.015625
0 0.887370 0.766276 0.027344 0.014323
0 0.578125 0.630208 0.031250 0.015625
0 0.610026 0.634115 0.027344 0.018229
0 0.643880 0.642578 0.027344 0.016927
0 0.706380 0.650391 0.024740 0.014323
0 0.719401 0.669922 0.029948 0.016927
0 0.641276 0.673177 0.029948 0.020833
0 0.679036 0.680990 0.029948 0.015625
0 0.570964 0.642578 0.027344 0.019531
0 0.359375 0.639323 0.057292 0.023438
0 0.414062 0.661458 0.028646 0.015625
0 0.361979 0.613932 0.028646 0.016927
0 0.494792 0.780599 0.020833 0.027344
0 0.309896 0.702474 0.028646 0.024740
0 0.117188 0.652995 0.031250 0.019531
0 0.027344 0.513672 0.023438 0.014323
0 0.196615 0.576823 0.028646 0.018229
0 0.235677 0.604167 0.031250 0.023438
0 0.287109 0.600911 0.027344 0.014323
0 0.236979 0.623047 0.028646 0.016927
0 0.166667 0.606771 0.028646 0.015625
0 0.095052 0.588542 0.026042 0.018229
0 0.100260 0.572266 0.028646 0.016927
0 0.124349 0.562500 0.027344 0.018229
0 0.158203 0.567708 0.027344 0.015625
0 0.147135 0.579427 0.026042 0.013021
0 0.126302 0.595052 0.026042 0.015625
0 0.034505 0.572266 0.027344 0.016927
0 0.063802 0.582031 0.031250 0.015625
0 0.035807 0.541667 0.024740 0.013021
0 0.080729 0.555339 0.039062 0.022135
0 0.314453 0.497396 0.019531 0.023438
0 0.322266 0.468099 0.022135 0.024740
0 0.345052 0.868490 0.018229 0.028646
0 0.513672 0.933594 0.014323 0.023438
0 0.612630 0.977865 0.027344 0.018229
0 0.613932 0.990885 0.029948 0.015625
