0 0.039714 0.091797 0.019531 0.029948
0 0.059245 0.421875 0.014323 0.028646
0 0.060547 0.462240 0.016927 0.028646
0 0.195964 0.039714 0.016927 0.027344
0 0.194010 0.252604 0.018229 0.031250
0 0.194661 0.281901 0.014323 0.024740
0 0.196615 0.337240 0.015625 0.026042
0 0.203776 0.430339 0.019531 0.019531
0 0.207031 0.446615 0.020833 0.020833
0 0.216146 0.456380 0.023438 0.024740
0 0.225260 0.463542 0.023438 0.020833
0 0.228516 0.481120 0.024740 0.024740
0 0.064453 0.845052 0.014323 0.036458
0 0.093750 0.839193 0.015625 0.029948
0 0.480469 0.197266 0.015625 0.027344
0 0.480469 0.229818 0.013021 0.024740
0 0.480469 0.259115 0.013021 0.028646
0 0.479167 0.319010 0.015625 0.026042
0 0.510417 0.471354 0.015625 0.036458
0 0.522786 0.645182 0.032552 0.019531
0 0.595052 0.650391 0.028646 0.019531
0 0.869792 0.793620 0.028646 0.022135
0 0.642578 0.586589 0.027344 0.016927
0 0.679036 0.585938 0.029948 0.018229
0 0.744792 0.535156 0.015625 0.026042
0 0.759115 0.533854 0.013021 0.031250
0 0.772135 0.535156 0.013021 0.028646
0 0.783203 0.535807 0.016927 0.027344
0 0.592448 0.525391 0.015625 0.029948
0 0.376302 0.803385 0.026042 0.015625
0 0.435547 0.809896 0.024740 0.015625
0 0.624349 0.826172 0.022135 0.016927
0 0.651042 0.830078 0.023438 0.014323
0 0.685547 0.832031 0.027344 0.018229
0 0.772786 0.841797 0.024740 0.016927
0 0.059896 0.139323 0.018229 0.026042
