0 0.165039 0.258464 0.023438 0.014323
0 0.241211 0.257161 0.017578 0.011719
0 0.022949 0.289714 0.012695 0.029948
0 0.006348 0.283854 0.010742 0.033854
0 0.014160 0.319010 0.010742 0.031250
0 0.005859 0.320312 0.009766 0.031250
0 0.034180 0.406901 0.011719 0.035156
0 0.020020 0.405599 0.010742 0.029948
0 0.011719 0.406901 0.007812 0.032552
0 0.003906 0.408203 0.005859 0.037760
0 0.295898 0.434896 0.021484 0.013021
0 0.274902 0.434245 0.020508 0.014323
0 0.232422 0.433594 0.019531 0.013021
0 0.188477 0.435547 0.023438 0.014323
0 0.165527 0.434245 0.018555 0.014323
0 0.140137 0.434245 0.018555 0.011719
0 0.047363 0.437500 0.020508 0.015625
0 0.059082 0.261068 0.016602 0.014323
0 0.437500 0.018880 0.011719 0.024740
0 0.432129 0.050130 0.012695 0.032552
0 0.398926 0.028646 0.010742 0.026042
0 0.392578 0.056641 0.009766 0.024740
0 0.383789 0.116536 0.009766 0.032552
0 0.379395 0.151042 0.010742 0.033854
0 0.371582 0.184896 0.012695 0.031250
0 0.367188 0.218750 0.009766 0.036458
0 0.358887 0.274740 0.010742 0.031250
0 0.345703 0.363281 0.011719 0.028646
0 0.341797 0.389323 0.011719 0.028646
0 0.609863 0.490234 0.018555 0.014323
0 0.520508 0.528646 0.009766 0.028646
0 0.531738 0.528646 0.010742 0.028646
0 0.543457 0.531250 0.012695 0.028646
0 0.370117 0.767578 0.031250 0.063802
0 0.384766 0.772135 0.017578 0.039062
0 0.438477 0.686849 0.021484 0.016927
0 0.466309 0.679036 0.020508 0.014323
0 0.491211 0.672526 0.021484 0.016927
0 0.514160 0.669922 0.018555 0.014323
0 0.524902 0.642578 0.018555 0.014323
0 0.539062 0.662760 0.019531 0.015625
0 0.584473 0.652995 0.016602 0.011719
0 0.663086 0.614583 0.009766 0.026042
0 0.649902 0.613281 0.010742 0.028646
0 0.695801 0.629557 0.018555 0.011719
0 0.717285 0.627604 0.022461 0.015625
0 0.765625 0.615234 0.021484 0.016927
0 0.853027 0.595703 0.020508 0.014323
0 0.930176 0.561849 0.016602 0.029948
0 0.475586 0.718750 0.021484 0.015625
0 0.498047 0.714193 0.019531 0.016927
0 0.539551 0.707031 0.020508 0.015625
0 0.595215 0.694661 0.020508 0.016927
0 0.618164 0.689453 0.019531 0.014323
0 0.916504 0.627604 0.020508 0.018229
0 0.400391 0.951172 0.021484 0.014323
0 0.490723 0.965495 0.016602 0.014323
0 0.887207 0.880859 0.018555 0.016927
