0 0.393066 0.014974 0.022461 0.019531
0 0.337402 0.044271 0.010742 0.033854
0 0.390625 0.061198 0.021484 0.018229
0 0.542480 0.007812 0.018555 0.013021
0 0.393555 0.112630 0.019531 0.019531
0 0.392578 0.131510 0.019531 0.015625
0 0.392090 0.145182 0.022461 0.011719
0 0.392090 0.160156 0.018555 0.013021
0 0.395508 0.175130 0.021484 0.014323
0 0.392090 0.196615 0.020508 0.015625
0 0.392578 0.210938 0.017578 0.013021
0 0.391113 0.257161 0.016602 0.014323
0 0.393555 0.271484 0.021484 0.011719
0 0.392090 0.287109 0.020508 0.014323
0 0.391602 0.301432 0.021484 0.011719
0 0.390137 0.315755 0.020508 0.014323
0 0.314453 0.320964 0.015625 0.035156
0 0.316406 0.520833 0.013672 0.031250
0 0.389648 0.465495 0.017578 0.011719
0 0.390625 0.477214 0.017578 0.011719
0 0.390137 0.488932 0.020508 0.014323
0 0.390137 0.504557 0.018555 0.014323
0 0.390137 0.538411 0.016602 0.014323
0 0.392090 0.569661 0.018555 0.011719
0 0.391113 0.583333 0.018555 0.013021
0 0.384766 0.597005 0.023438 0.011719
0 0.386230 0.612630 0.016602 0.014323
0 0.385742 0.636068 0.019531 0.011719
0 0.384766 0.651042 0.021484 0.013021
0 0.386230 0.667969 0.020508 0.013021
0 0.404785 0.647135 0.010742 0.028646
0 0.402344 0.615234 0.009766 0.027344
0 0.652344 0.338542 0.011719 0.028646
0 0.651855 0.375000 0.008789 0.026042
0 0.684570 0.350260 0.019531 0.015625
0 0.683105 0.363932 0.018555 0.011719
0 0.683105 0.375651 0.020508 0.011719
0 0.683105 0.391276 0.020508 0.014323
0 0.681641 0.404297 0.021484 0.016927
0 0.784180 0.063151 0.021484 0.014323
0 0.784180 0.079427 0.017578 0.010417
0 0.784180 0.086589 0.017578 0.011719
0 0.756836 0.110026 0.011719 0.024740
0 0.782227 0.222005 0.021484 0.016927
0 0.796875 0.329427 0.007812 0.026042
0 0.807129 0.328776 0.010742 0.027344
0 0.488770 0.830078 0.020508 0.014323
0 0.561523 0.833984 0.021484 0.016927
0 0.194336 0.832682 0.023438 0.014323
0 0.194824 0.845703 0.020508 0.014323
0 0.194336 0.860026 0.023438 0.011719
0 0.193359 0.874349 0.023438 0.014323
0 0.192383 0.893229 0.021484 0.015625
0 0.195312 0.913411 0.025391 0.019531
0 0.195312 0.951823 0.021484 0.018229
0 0.192871 0.975911 0.022461 0.014323
0 0.194824 0.991536 0.018555 0.014323
0 0.334473 0.913411 0.024414 0.055990
