0 0.963542 0.055990 0.018229 0.031250
0 0.962891 0.134766 0.014323 0.029948
0 0.948568 0.134766 0.014323 0.024740
0 0.936198 0.138021 0.013021 0.023438
0 0.921875 0.138021 0.015625 0.026042
0 0.917969 0.113281 0.015625 0.026042
0 0.930990 0.111328 0.013021 0.029948
0 0.965495 0.106120 0.014323 0.027344
0 0.949219 0.104167 0.015625 0.031250
0 0.936198 0.055339 0.013021 0.032552
0 0.920573 0.090495 0.036458 0.022135
0 0.608724 0.300130 0.014323 0.024740
0 0.881510 0.310547 0.015625 0.029948
0 0.854818 0.307292 0.014323 0.028646
0 0.809245 0.264974 0.014323 0.024740
0 0.960286 0.482422 0.016927 0.029948
0 0.929688 0.541667 0.031250 0.020833
0 0.930990 0.584635 0.026042 0.018229
0 0.931641 0.624349 0.027344 0.014323
0 0.927734 0.638021 0.024740 0.015625
0 0.972656 0.647786 0.015625 0.032552
0 0.693359 0.537109 0.027344 0.016927
0 0.753255 0.535156 0.024740 0.015625
0 0.729818 0.565104 0.014323 0.028646
0 0.717448 0.566406 0.013021 0.028646
0 0.702474 0.569010 0.014323 0.023438
0 0.514323 0.595052 0.026042 0.013021
0 0.482422 0.604818 0.024740 0.011719
0 0.480469 0.592448 0.023438 0.013021
0 0.490234 0.621745 0.024740 0.014323
0 0.517578 0.621745 0.032552 0.014323
0 0.518880 0.638021 0.024740 0.015625
0 0.485677 0.651693 0.026042 0.011719
0 0.516927 0.651042 0.031250 0.013021
0 0.488932 0.666667 0.024740 0.013021
0 0.516927 0.664062 0.028646 0.015625
0 0.518229 0.680339 0.026042 0.014323
0 0.453125 0.653646 0.015625 0.026042
0 0.014323 0.709635 0.026042 0.013021
0 0.099609 0.727865 0.035156 0.010417
0 0.151042 0.726562 0.023438 0.013021
0 0.176432 0.727865 0.027344 0.013021
0 0.135417 0.865234 0.015625 0.027344
0 0.111328 0.866536 0.014323 0.024740
0 0.081380 0.866536 0.011719 0.019531
0 0.094401 0.871094 0.011719 0.020833
0 0.031901 0.867188 0.014323 0.026042
0 0.018880 0.866536 0.009115 0.027344
0 0.007161 0.867839 0.011719 0.029948
0 0.541667 0.858724 0.015625 0.027344
0 0.935547 0.763021 0.024740 0.015625
0 0.931641 0.794922 0.024740 0.011719
0 0.934245 0.808594 0.027344 0.013021
0 0.935547 0.780599 0.024740 0.011719
0 0.875651 0.863932 0.014323 0.027344
0 0.858073 0.863932 0.015625 0.024740
0 0.845703 0.862630 0.011719 0.024740
0 0.873047 0.785807 0.016927 0.029948
0 0.026693 0.992839 0.029948 0.011719
