0 0.034505 0.017578 0.016927 0.022135
0 0.034505 0.408854 0.014323 0.028646
0 0.031250 0.479818 0.018229 0.024740
0 0.034505 0.514974 0.016927 0.032552
0 0.110677 0.350260 0.028646 0.015625
0 0.110677 0.373698 0.028646 0.015625
0 0.113932 0.390625 0.024740 0.013021
0 0.113281 0.400391 0.023438 0.011719
0 0.113932 0.416016 0.035156 0.014323
0 0.113932 0.429688 0.027344 0.013021
0 0.108724 0.441406 0.027344 0.013021
0 0.112630 0.457031 0.029948 0.015625
0 0.112630 0.496094 0.029948 0.018229
0 0.113281 0.511068 0.028646 0.014323
0 0.264323 0.496745 0.015625 0.029948
0 0.296224 0.490885 0.019531 0.026042
0 0.335938 0.498047 0.018229 0.027344
0 0.518880 0.499349 0.016927 0.032552
0 0.541016 0.499349 0.011719 0.024740
0 0.567057 0.494792 0.011719 0.028646
0 0.581380 0.497396 0.016927 0.033854
0 0.597005 0.496094 0.011719 0.026042
0 0.691406 0.497396 0.013021 0.028646
0 0.791667 0.501302 0.015625 0.031250
0 0.369141 0.645182 0.029948 0.019531
0 0.509766 0.608724 0.050781 0.024740
0 0.032552 0.779948 0.015625 0.031250
0 0.049479 0.843099 0.018229 0.035156
0 0.011719 0.887370 0.013021 0.024740
0 0.012370 0.947266 0.016927 0.022135
0 0.012370 0.987630 0.014323 0.024740
0 0.051432 0.983073 0.014323 0.028646
0 0.572917 0.766927 0.026042 0.013021
0 0.728516 0.768229 0.027344 0.013021
0 0.652344 0.767578 0.036458 0.019531
0 0.839844 0.461589 0.018229 0.035156
0 0.841797 0.395833 0.016927 0.028646
0 0.271484 0.061198 0.027344 0.018229
0 0.260417 0.009766 0.013021 0.016927
0 0.482422 0.025391 0.032552 0.014323
0 0.838542 0.066406 0.018229 0.031250
