0 0.644531 0.029297 0.015625 0.039062
0 0.656250 0.032227 0.013021 0.037109
0 0.671875 0.041992 0.015625 0.037109
0 0.686849 0.048828 0.016927 0.035156
0 0.725911 0.072266 0.014323 0.035156
0 0.748698 0.092773 0.013021 0.033203
0 0.632812 0.089844 0.013021 0.039062
0 0.642578 0.145508 0.014323 0.033203
0 0.651693 0.083008 0.011719 0.033203
0 0.662760 0.088867 0.015625 0.041016
0 0.678385 0.083984 0.015625 0.035156
0 0.686198 0.093750 0.015625 0.039062
0 0.704427 0.115234 0.015625 0.039062
0 0.721354 0.110352 0.015625 0.037109
0 0.734375 0.121094 0.013021 0.039062
0 0.753255 0.133789 0.014323 0.033203
0 0.761719 0.096680 0.015625 0.033203
0 0.783203 0.119141 0.014323 0.035156
0 0.798828 0.123047 0.011719 0.035156
0 0.838542 0.144531 0.013021 0.039062
0 0.849609 0.168945 0.016927 0.037109
0 0.671875 0.202148 0.013021 0.033203
0 0.687500 0.210938 0.015625 0.042969
0 0.701172 0.219727 0.016927 0.041016
0 0.717448 0.187500 0.015625 0.035156
0 0.719401 0.227539 0.016927 0.037109
0 0.755859 0.021484 0.014323 0.035156
0 0.781901 0.041992 0.016927 0.037109
0 0.801432 0.048828 0.016927 0.031250
0 0.817057 0.062500 0.016927 0.039062
0 0.830729 0.071289 0.020833 0.029297
0 0.863281 0.087891 0.015625 0.039062
0 0.802734 0.013672 0.022135 0.023438
0 0.832682 0.026367 0.019531 0.021484
0 0.856120 0.041016 0.019531 0.023438
0 0.882812 0.057617 0.020833 0.021484
0 0.906250 0.074219 0.020833 0.027344
0 0.930990 0.091797 0.020833 0.023438
0 0.953776 0.106445 0.022135 0.029297
0 0.977214 0.120117 0.022135 0.025391
0 0.887370 0.025391 0.014323 0.031250
0 0.901042 0.031250 0.015625 0.035156
0 0.910156 0.038086 0.013021 0.029297
0 0.927083 0.049805 0.013021 0.029297
0 0.936849 0.054688 0.014323 0.035156
0 0.947917 0.064453 0.015625 0.031250
0 0.958984 0.074219 0.011719 0.031250
0 0.969401 0.081055 0.011719 0.033203
0 0.981120 0.086914 0.016927 0.037109
0 0.972005 0.017578 0.011719 0.031250
0 0.985026 0.022461 0.011719 0.041016
0 0.957031 0.012695 0.013021 0.021484
0 0.484375 0.238281 0.013021 0.039062
0 0.508464 0.079102 0.011719 0.029297
0 0.519531 0.267578 0.013021 0.039062
0 0.529948 0.275391 0.015625 0.042969
0 0.544922 0.278320 0.011719 0.033203
0 0.554036 0.290039 0.014323 0.033203
0 0.566406 0.294922 0.010417 0.031250
0 0.576172 0.303711 0.014323 0.037109
0 0.591146 0.309570 0.013021 0.037109
0 0.604167 0.316406 0.013021 0.042969
0 0.615234 0.326172 0.016927 0.031250
0 0.628906 0.332031 0.013021 0.035156
0 0.679036 0.268555 0.022135 0.025391
0 0.703776 0.286133 0.027344 0.029297
0 0.557943 0.331055 0.016927 0.029297
0 0.487630 0.312500 0.016927 0.035156
0 0.477865 0.352539 0.015625 0.033203
0 0.467448 0.394531 0.015625 0.039062
0 0.449870 0.401367 0.014323 0.037109
0 0.438802 0.432617 0.015625 0.029297
0 0.509766 0.316406 0.022135 0.023438
0 0.530599 0.343750 0.019531 0.027344
0 0.507812 0.333984 0.018229 0.023438
0 0.501302 0.351562 0.023438 0.019531
0 0.526042 0.367188 0.020833 0.023438
0 0.495443 0.371094 0.022135 0.023438
0 0.519531 0.383789 0.020833 0.025391
0 0.490885 0.392578 0.018229 0.023438
0 0.515625 0.404297 0.023438 0.023438
0 0.486328 0.414062 0.019531 0.023438
0 0.507161 0.425781 0.024740 0.023438
0 0.477865 0.432617 0.020833 0.025391
0 0.502604 0.445312 0.023438 0.023438
0 0.472656 0.451172 0.020833 0.023438
0 0.498047 0.466797 0.022135 0.023438
0 0.468099 0.473633 0.022135 0.029297
0 0.492188 0.486328 0.023438 0.023438
0 0.460286 0.495117 0.024740 0.017578
0 0.485026 0.503906 0.022135 0.019531
0 0.505859 0.507812 0.014323 0.027344
0 0.455078 0.509766 0.024740 0.023438
0 0.481771 0.528320 0.023438 0.025391
0 0.454427 0.531250 0.023438 0.023438
0 0.478516 0.544922 0.022135 0.027344
0 0.583984 0.338867 0.019531 0.021484
0 0.606120 0.352539 0.024740 0.025391
0 0.699870 0.409180 0.024740 0.029297
0 0.723307 0.424805 0.022135 0.025391
0 0.772135 0.456055 0.023438 0.029297
0 0.800781 0.474609 0.026042 0.031250
0 0.825521 0.491211 0.023438 0.025391
0 0.406901 0.559570 0.016927 0.041016
0 0.419271 0.566406 0.015625 0.035156
0 0.447266 0.584961 0.011719 0.037109
0 0.457682 0.593750 0.014323 0.035156
0 0.469401 0.603516 0.014323 0.035156
0 0.484375 0.611328 0.015625 0.035156
0 0.498698 0.615234 0.013021 0.035156
0 0.509766 0.626953 0.014323 0.035156
0 0.524089 0.632812 0.014323 0.035156
0 0.536458 0.639648 0.015625 0.037109
0 0.550130 0.651367 0.014323 0.033203
0 0.563802 0.658203 0.015625 0.035156
0 0.577474 0.666992 0.014323 0.037109
0 0.590495 0.675781 0.014323 0.046875
0 0.605469 0.681641 0.018229 0.039062
0 0.618490 0.694336 0.018229 0.037109
0 0.621094 0.736328 0.026042 0.027344
0 0.634115 0.701172 0.013021 0.035156
0 0.644531 0.708984 0.013021 0.035156
0 0.657552 0.718750 0.015625 0.039062
0 0.670573 0.728516 0.015625 0.035156
0 0.685547 0.735352 0.014323 0.037109
0 0.698568 0.745117 0.016927 0.037109
0 0.712240 0.755859 0.015625 0.031250
0 0.725260 0.762695 0.013021 0.044922
0 0.738932 0.772461 0.016927 0.041016
0 0.752604 0.779297 0.015625 0.035156
0 0.766927 0.789062 0.015625 0.035156
0 0.789714 0.801758 0.011719 0.044922
0 0.651693 0.753906 0.022135 0.027344
0 0.776693 0.836914 0.024740 0.025391
0 0.803385 0.851562 0.026042 0.031250
0 0.827474 0.868164 0.024740 0.025391
0 0.852214 0.880859 0.024740 0.027344
0 0.878906 0.898438 0.026042 0.031250
0 0.820312 0.819336 0.010417 0.037109
0 0.831380 0.827148 0.014323 0.033203
0 0.844401 0.840820 0.011719 0.041016
0 0.858724 0.846680 0.011719 0.037109
0 0.872396 0.856445 0.013021 0.037109
0 0.884766 0.864258 0.016927 0.037109
0 0.899740 0.874023 0.015625 0.041016
0 0.927734 0.611328 0.019531 0.042969
0 0.916667 0.645508 0.018229 0.037109
0 0.892578 0.726562 0.022135 0.031250
0 0.883464 0.757812 0.022135 0.035156
0 0.876302 0.779297 0.020833 0.042969
0 0.936198 0.530273 0.015625 0.037109
0 0.949219 0.533203 0.013021 0.035156
0 0.960286 0.540039 0.014323 0.033203
0 0.970703 0.544922 0.014323 0.039062
0 0.979167 0.622070 0.023438 0.029297
0 0.973958 0.642578 0.026042 0.027344
0 0.966797 0.663086 0.024740 0.025391
0 0.960938 0.680664 0.026042 0.025391
0 0.955078 0.702148 0.027344 0.029297
0 0.950521 0.720703 0.023438 0.023438
0 0.946615 0.743164 0.020833 0.025391
0 0.930339 0.801758 0.022135 0.025391
0 0.350911 0.617188 0.027344 0.023438
0 0.346354 0.636719 0.023438 0.023438
0 0.341146 0.657227 0.023438 0.025391
0 0.336589 0.677734 0.027344 0.019531
0 0.330729 0.696289 0.031250 0.017578
0 0.324870 0.714844 0.027344 0.027344
0 0.319661 0.739258 0.024740 0.037109
0 0.311198 0.755859 0.023438 0.023438
0 0.306641 0.773438 0.024740 0.023438
0 0.300781 0.795898 0.023438 0.021484
0 0.297526 0.816406 0.022135 0.023438
0 0.292318 0.840820 0.022135 0.021484
0 0.281901 0.875000 0.019531 0.019531
0 0.300781 0.875977 0.015625 0.037109
0 0.311198 0.890625 0.015625 0.035156
0 0.322266 0.898438 0.014323 0.035156
0 0.337240 0.898438 0.013021 0.039062
0 0.350260 0.913086 0.013021 0.041016
0 0.375651 0.919922 0.014323 0.039062
0 0.416016 0.679688 0.024740 0.023438
0 0.408203 0.696289 0.022135 0.021484
0 0.403646 0.718750 0.020833 0.019531
0 0.391276 0.778320 0.022135 0.025391
0 0.417969 0.793945 0.026042 0.021484
0 0.387370 0.802734 0.027344 0.023438
0 0.375651 0.816406 0.027344 0.023438
0 0.372396 0.837891 0.023438 0.023438
0 0.369141 0.856445 0.024740 0.025391
0 0.427734 0.729492 0.014323 0.037109
0 0.440755 0.731445 0.011719 0.041016
0 0.454427 0.740234 0.013021 0.039062
0 0.466797 0.748047 0.014323 0.035156
0 0.492188 0.763672 0.013021 0.031250
0 0.506510 0.773438 0.013021 0.035156
0 0.458333 0.817383 0.023438 0.025391
0 0.483724 0.834961 0.024740 0.025391
0 0.479818 0.857422 0.024740 0.027344
0 0.472656 0.879883 0.023438 0.021484
0 0.468750 0.903320 0.023438 0.025391
0 0.416667 0.953125 0.013021 0.035156
0 0.430990 0.958008 0.013021 0.037109
0 0.445312 0.966797 0.013021 0.039062
0 0.458333 0.978516 0.015625 0.031250
0 0.471354 0.985352 0.013021 0.029297
