0 0.642578 0.235677 0.016927 0.036458
0 0.662109 0.238932 0.027344 0.029948
0 0.632161 0.307292 0.011719 0.028646
0 0.643880 0.322266 0.016927 0.029948
0 0.574219 0.343099 0.015625 0.032552
0 0.617839 0.375651 0.016927 0.029948
0 0.631510 0.391927 0.023438 0.033854
0 0.577474 0.387370 0.014323 0.024740
0 0.595052 0.395182 0.020833 0.032552
0 0.598958 0.453776 0.018229 0.029948
0 0.577474 0.461589 0.022135 0.029948
0 0.561849 0.481120 0.019531 0.029948
0 0.531901 0.519531 0.027344 0.041667
0 0.585938 0.493490 0.015625 0.028646
0 0.563802 0.508464 0.020833 0.024740
0 0.580729 0.529948 0.018229 0.026042
0 0.559896 0.541016 0.020833 0.027344
0 0.551432 0.567057 0.016927 0.024740
0 0.568359 0.569661 0.011719 0.019531
0 0.587240 0.579427 0.015625 0.026042
0 0.539062 0.598958 0.018229 0.031250
0 0.559245 0.607422 0.016927 0.027344
0 0.535156 0.626302 0.018229 0.023438
0 0.545573 0.647786 0.020833 0.027344
0 0.567057 0.664062 0.016927 0.026042
0 0.526042 0.664714 0.018229 0.029948
0 0.513672 0.705078 0.016927 0.035156
0 0.531901 0.699219 0.016927 0.033854
0 0.521484 0.751953 0.022135 0.027344
0 0.494792 0.789714 0.018229 0.035156
0 0.509115 0.796875 0.013021 0.028646
0 0.526693 0.806641 0.019531 0.035156
0 0.586589 0.766276 0.014323 0.029948
0 0.479167 0.861979 0.020833 0.033854
0 0.503255 0.835938 0.014323 0.033854
0 0.494792 0.884766 0.018229 0.027344
0 0.472656 0.917969 0.018229 0.028646
0 0.550130 0.925130 0.016927 0.032552
0 0.468099 0.958333 0.022135 0.026042
0 0.397135 0.923828 0.020833 0.029948
0 0.520182 0.380208 0.032552 0.013021
0 0.518880 0.391276 0.024740 0.011719
0 0.516276 0.403646 0.029948 0.013021
0 0.314453 0.835286 0.035156 0.016927
0 0.282552 0.843099 0.026042 0.016927
0 0.277344 0.388021 0.026042 0.007812
0 0.277995 0.397135 0.024740 0.013021
0 0.317057 0.410807 0.019531 0.027344
0 0.929036 0.289062 0.029948 0.018229
0 0.925130 0.300781 0.022135 0.010417
0 0.925130 0.312500 0.027344 0.015625
