0 0.054688 0.026042 0.015625 0.026042
0 0.223958 0.020182 0.015625 0.027344
0 0.206380 0.126953 0.024740 0.019531
0 0.257812 0.122396 0.026042 0.013021
0 0.133464 0.190755 0.016927 0.029948
0 0.136719 0.282552 0.015625 0.023438
0 0.128906 0.333984 0.013021 0.029948
0 0.048828 0.379557 0.014323 0.029948
0 0.039062 0.491536 0.015625 0.027344
0 0.031250 0.651042 0.015625 0.028646
0 0.127604 0.524089 0.015625 0.024740
0 0.126953 0.434896 0.019531 0.036458
0 0.183594 0.488932 0.023438 0.024740
0 0.155599 0.404948 0.014323 0.026042
0 0.167318 0.323568 0.016927 0.050781
0 0.255859 0.214193 0.019531 0.029948
0 0.289714 0.343099 0.042969 0.032552
0 0.286458 0.380859 0.033854 0.016927
0 0.298828 0.408854 0.048177 0.023438
0 0.261719 0.438151 0.018229 0.024740
0 0.218750 0.474609 0.013021 0.029948
0 0.229818 0.463542 0.011719 0.020833
0 0.245443 0.468750 0.014323 0.031250
0 0.255859 0.474609 0.016927 0.024740
0 0.276042 0.462240 0.018229 0.028646
0 0.292318 0.463542 0.016927 0.031250
0 0.119792 0.583333 0.018229 0.028646
0 0.119792 0.696615 0.018229 0.026042
0 0.109375 0.802083 0.018229 0.033854
0 0.022786 0.875651 0.022135 0.037760
0 0.272135 0.748698 0.018229 0.023438
0 0.280599 0.776042 0.019531 0.031250
0 0.315755 0.826172 0.029948 0.014323
0 0.313802 0.839844 0.028646 0.013021
0 0.314453 0.854167 0.027344 0.013021
0 0.311198 0.879557 0.033854 0.019531
0 0.311849 0.910807 0.032552 0.016927
0 0.309245 0.936849 0.027344 0.014323
0 0.307943 0.962240 0.027344 0.010417
0 0.307943 0.974609 0.027344 0.014323
0 0.364583 0.972656 0.023438 0.018229
0 0.364583 0.923177 0.026042 0.013021
0 0.365234 0.937500 0.024740 0.013021
0 0.419922 0.967448 0.035156 0.033854
0 0.388021 0.895182 0.052083 0.050781
0 0.406901 0.888672 0.048177 0.050781
0 0.402995 0.860677 0.045573 0.044271
0 0.429688 0.861979 0.046875 0.044271
0 0.450521 0.934896 0.044271 0.046875
0 0.431641 0.940755 0.042969 0.045573
0 0.430339 0.446615 0.014323 0.020833
0 0.442708 0.448568 0.013021 0.024740
0 0.455078 0.444661 0.014323 0.029948
0 0.470703 0.446615 0.011719 0.026042
0 0.483073 0.445964 0.018229 0.024740
0 0.285807 0.180339 0.027344 0.011719
0 0.309896 0.104818 0.015625 0.024740
0 0.321615 0.106120 0.013021 0.027344
0 0.337240 0.106120 0.015625 0.027344
0 0.416016 0.136719 0.032552 0.015625
0 0.264974 0.085938 0.027344 0.013021
0 0.266927 0.110026 0.031250 0.011719
0 0.263021 0.100260 0.023438 0.010417
0 0.264323 0.041016 0.026042 0.011719
0 0.267578 0.028646 0.029948 0.015625
0 0.268880 0.005208 0.032552 0.007812
0 0.652344 0.136719 0.026042 0.013021
0 0.665365 0.149089 0.020833 0.014323
0 0.691406 0.150391 0.033854 0.016927
0 0.718750 0.151042 0.028646 0.015625
0 0.777344 0.158854 0.020833 0.013021
0 0.861328 0.209635 0.014323 0.023438
0 0.873698 0.208333 0.013021 0.031250
0 0.921875 0.149089 0.033854 0.016927
0 0.829427 0.205729 0.015625 0.026042
0 0.608724 0.264974 0.027344 0.055990
0 0.692708 0.196615 0.013021 0.020833
0 0.680339 0.195964 0.014323 0.027344
0 0.642578 0.188802 0.011719 0.020833
0 0.599609 0.190104 0.014323 0.026042
0 0.465495 0.189453 0.016927 0.027344
0 0.425130 0.190104 0.024740 0.023438
0 0.582682 0.190104 0.014323 0.023438
0 0.572266 0.191406 0.014323 0.028646
0 0.617188 0.196615 0.015625 0.018229
0 0.756510 0.436849 0.018229 0.040365
0 0.649089 0.407552 0.029948 0.046875
0 0.694010 0.425781 0.020833 0.041667
0 0.707031 0.451823 0.018229 0.033854
0 0.634766 0.461589 0.035156 0.037760
0 0.651042 0.473958 0.018229 0.036458
0 0.682943 0.492839 0.022135 0.037760
0 0.699219 0.508464 0.023438 0.032552
0 0.701172 0.561198 0.045573 0.044271
0 0.640625 0.556641 0.020833 0.029948
0 0.684896 0.595052 0.036458 0.028646
0 0.735677 0.527995 0.046875 0.050781
0 0.747396 0.540365 0.049479 0.052083
0 0.750000 0.561198 0.033854 0.039062
0 0.775391 0.567057 0.053385 0.048177
0 0.849609 0.678385 0.063802 0.041667
0 0.878906 0.718099 0.036458 0.042969
0 0.953125 0.769531 0.054688 0.015625
0 0.578125 0.010417 0.028646 0.013021
0 0.880859 0.023438 0.029948 0.010417
0 0.789714 0.017578 0.029948 0.011719
