0 0.320964 0.272135 0.016927 0.028646
0 0.308594 0.186849 0.015625 0.024740
0 0.317708 0.304036 0.015625 0.019531
0 0.313802 0.333333 0.015625 0.028646
0 0.312500 0.389974 0.013021 0.024740
0 0.310547 0.419271 0.016927 0.026042
0 0.307292 0.451172 0.015625 0.022135
0 0.301432 0.505859 0.014323 0.027344
0 0.305339 0.475260 0.014323 0.026042
0 0.364583 0.480469 0.026042 0.010417
0 0.348958 0.376302 0.013021 0.026042
0 0.285807 0.792318 0.016927 0.024740
0 0.287760 0.760417 0.015625 0.020833
0 0.289714 0.737630 0.019531 0.024740
0 0.297526 0.577474 0.014323 0.022135
0 0.297526 0.602214 0.014323 0.022135
0 0.296224 0.626953 0.014323 0.022135
0 0.283854 0.833333 0.015625 0.023438
0 0.281901 0.858724 0.014323 0.022135
0 0.280599 0.882812 0.011719 0.026042
0 0.279297 0.909505 0.014323 0.022135
0 0.276693 0.945312 0.014323 0.026042
0 0.063151 0.111979 0.035156 0.018229
0 0.750651 0.915365 0.027344 0.013021
0 0.696615 0.741536 0.015625 0.029948
