0 0.668620 0.137695 0.027344 0.017578
0 0.727865 0.140625 0.026042 0.019531
0 0.761068 0.136719 0.029948 0.023438
0 0.626953 0.196289 0.027344 0.025391
0 0.689453 0.201172 0.024740 0.019531
0 0.727214 0.194336 0.022135 0.021484
0 0.766927 0.198242 0.023438 0.021484
0 0.517578 0.354492 0.014323 0.037109
0 0.632161 0.397461 0.024740 0.021484
0 0.656250 0.398438 0.026042 0.019531
0 0.748698 0.356445 0.023438 0.021484
0 0.514323 0.583984 0.013021 0.054688
0 0.561198 0.546875 0.013021 0.042969
0 0.581380 0.742188 0.027344 0.019531
0 0.585938 0.758789 0.020833 0.017578
0 0.589193 0.777344 0.024740 0.019531
0 0.591146 0.797852 0.020833 0.017578
0 0.493490 0.909180 0.026042 0.021484
0 0.449870 0.918945 0.011719 0.044922
0 0.466146 0.938477 0.013021 0.041016
0 0.485026 0.935547 0.024740 0.023438
0 0.470052 0.983398 0.023438 0.017578
0 0.561849 0.897461 0.011719 0.033203
0 0.576823 0.899414 0.013021 0.041016
0 0.561849 0.948242 0.014323 0.037109
0 0.576172 0.948242 0.011719 0.037109
0 0.617839 0.913086 0.019531 0.017578
0 0.614583 0.939453 0.023438 0.015625
0 0.070312 0.829102 0.028646 0.013672
0 0.115234 0.828125 0.024740 0.019531
0 0.042969 0.930664 0.013021 0.041016
0 0.393880 0.849609 0.027344 0.019531
0 0.226562 0.191406 0.015625 0.039062
0 0.304688 0.130859 0.023438 0.019531
0 0.259115 0.892578 0.020833 0.039062
