0 0.608073 0.152995 0.052083 0.019531
0 0.350911 0.152995 0.024740 0.014323
0 0.714844 0.169922 0.028646 0.016927
0 0.955078 0.179688 0.032552 0.015625
0 0.943359 0.152995 0.024740 0.019531
0 0.895833 0.153646 0.031250 0.015625
0 0.018880 0.410807 0.014323 0.027344
0 0.635417 0.436198 0.013021 0.026042
0 0.651693 0.434896 0.014323 0.026042
0 0.665365 0.436198 0.013021 0.028646
0 0.675781 0.434245 0.015625 0.032552
0 0.690104 0.435547 0.013021 0.027344
0 0.706380 0.433594 0.014323 0.031250
0 0.723307 0.434245 0.019531 0.029948
0 0.745443 0.436198 0.011719 0.023438
0 0.757812 0.434896 0.015625 0.026042
0 0.776042 0.440104 0.013021 0.031250
0 0.792318 0.434896 0.014323 0.028646
0 0.809245 0.436849 0.016927 0.029948
0 0.829427 0.438151 0.018229 0.035156
0 0.736328 0.518229 0.087240 0.028646
0 0.892578 0.529948 0.014323 0.026042
0 0.215495 0.665365 0.024740 0.013021
0 0.218099 0.697266 0.024740 0.011719
0 0.218099 0.712240 0.024740 0.013021
0 0.215495 0.724609 0.022135 0.014323
0 0.215495 0.738932 0.022135 0.014323
0 0.215495 0.752604 0.027344 0.013021
0 0.253255 0.649740 0.014323 0.028646
0 0.266276 0.651693 0.016927 0.024740
0 0.280599 0.650391 0.014323 0.029948
0 0.294922 0.648438 0.011719 0.026042
0 0.307292 0.647786 0.013021 0.022135
0 0.320312 0.651693 0.015625 0.024740
0 0.333333 0.647786 0.013021 0.027344
0 0.343750 0.649740 0.013021 0.023438
0 0.356771 0.649089 0.013021 0.024740
0 0.386068 0.647786 0.014323 0.027344
0 0.408203 0.679688 0.016927 0.026042
0 0.511719 0.662109 0.026042 0.019531
0 0.695964 0.652995 0.014323 0.024740
0 0.708984 0.650391 0.011719 0.029948
0 0.722005 0.648438 0.014323 0.026042
0 0.738281 0.648438 0.013021 0.028646
0 0.753255 0.650391 0.011719 0.027344
0 0.766276 0.649740 0.011719 0.028646
0 0.794271 0.649740 0.013021 0.028646
0 0.828125 0.649089 0.015625 0.032552
0 0.842448 0.648438 0.015625 0.026042
0 0.856771 0.655599 0.013021 0.029948
0 0.869141 0.651042 0.014323 0.028646
0 0.881510 0.650391 0.013021 0.032552
0 0.893880 0.652995 0.014323 0.027344
0 0.744141 0.707682 0.016927 0.027344
0 0.714844 0.750000 0.026042 0.023438
0 0.269531 0.704427 0.031250 0.013021
0 0.764974 0.710286 0.014323 0.029948
0 0.778646 0.708333 0.018229 0.028646
0 0.792318 0.707682 0.014323 0.027344
0 0.805339 0.707031 0.011719 0.031250
0 0.815755 0.712240 0.014323 0.028646
0 0.827474 0.710286 0.014323 0.029948
0 0.843750 0.706380 0.013021 0.024740
0 0.855469 0.710286 0.013021 0.029948
0 0.868490 0.707682 0.013021 0.027344
0 0.881510 0.706380 0.013021 0.029948
0 0.893880 0.705729 0.014323 0.031250
0 0.214193 0.779948 0.022135 0.015625
0 0.324870 0.854818 0.027344 0.016927
0 0.549479 0.882812 0.026042 0.018229
