0 0.054688 0.633464 0.028646 0.014323
0 0.140625 0.636719 0.028646 0.013021
0 0.205729 0.686198 0.033854 0.015625
0 0.302734 0.687500 0.032552 0.015625
0 0.333984 0.656250 0.024740 0.013021
0 0.395182 0.671224 0.027344 0.022135
0 0.490885 0.659505 0.052083 0.016927
0 0.548828 0.685547 0.024740 0.016927
0 0.673828 0.730469 0.035156 0.015625
0 0.756510 0.703776 0.039062 0.019531
0 0.909505 0.697917 0.032552 0.015625
0 0.967448 0.833333 0.023438 0.023438
0 0.462891 0.526693 0.022135 0.027344
0 0.459635 0.557292 0.018229 0.020833
0 0.468099 0.597005 0.019531 0.027344
0 0.445964 0.597656 0.016927 0.020833
0 0.318359 0.585938 0.019531 0.026042
0 0.304036 0.587891 0.016927 0.024740
0 0.289062 0.583984 0.020833 0.024740
0 0.264974 0.585286 0.014323 0.024740
0 0.251953 0.584635 0.014323 0.023438
0 0.757161 0.436849 0.016927 0.029948
0 0.791667 0.409505 0.031250 0.016927
0 0.747396 0.467448 0.018229 0.028646
