0 0.078776 0.591797 0.014323 0.039062
0 0.108073 0.555664 0.013021 0.037109
0 0.130208 0.480469 0.013021 0.039062
0 0.145182 0.487305 0.011719 0.041016
0 0.158854 0.484375 0.013021 0.039062
0 0.169922 0.482422 0.014323 0.042969
0 0.184896 0.483398 0.010417 0.037109
0 0.199219 0.483398 0.013021 0.041016
0 0.211589 0.482422 0.011719 0.035156
0 0.224609 0.482422 0.011719 0.035156
0 0.237630 0.481445 0.014323 0.037109
0 0.251953 0.479492 0.011719 0.037109
0 0.265625 0.480469 0.013021 0.035156
0 0.277995 0.479492 0.014323 0.033203
0 0.292318 0.475586 0.011719 0.037109
0 0.305339 0.477539 0.011719 0.037109
0 0.318359 0.478516 0.011719 0.031250
0 0.332031 0.483398 0.010417 0.037109
0 0.343750 0.482422 0.013021 0.035156
0 0.356771 0.482422 0.013021 0.039062
0 0.370443 0.486328 0.014323 0.039062
0 0.382812 0.484375 0.013021 0.039062
0 0.395833 0.484375 0.015625 0.039062
0 0.410807 0.484375 0.014323 0.039062
0 0.424479 0.483398 0.013021 0.037109
0 0.440755 0.481445 0.011719 0.037109
0 0.451823 0.483398 0.015625 0.037109
0 0.466146 0.483398 0.010417 0.037109
0 0.561198 0.490234 0.018229 0.042969
0 0.695312 0.486328 0.010417 0.039062
0 0.762370 0.484375 0.011719 0.039062
0 0.641276 0.485352 0.011719 0.037109
0 0.503255 0.287109 0.024740 0.015625
0 0.544271 0.288086 0.023438 0.017578
0 0.575521 0.290039 0.026042 0.021484
