0 0.208333 0.191406 0.026042 0.023438
0 0.210286 0.173828 0.027344 0.019531
0 0.218099 0.163086 0.022135 0.021484
0 0.235026 0.114258 0.032552 0.017578
0 0.241536 0.096680 0.016927 0.021484
0 0.262370 0.075195 0.016927 0.044922
0 0.294922 0.064453 0.029948 0.023438
0 0.320312 0.083008 0.023438 0.021484
0 0.321615 0.044922 0.023438 0.019531
0 0.321615 0.063477 0.026042 0.025391
0 0.575521 0.033203 0.015625 0.031250
0 0.572266 0.117188 0.014323 0.050781
0 0.634766 0.142578 0.019531 0.027344
0 0.533854 0.314453 0.018229 0.031250
0 0.533203 0.359375 0.014323 0.039062
0 0.529948 0.407227 0.015625 0.041016
0 0.544922 0.373047 0.014323 0.062500
0 0.637370 0.421875 0.024740 0.031250
0 0.558594 0.568359 0.013021 0.042969
0 0.635417 0.618164 0.023438 0.021484
0 0.661458 0.619141 0.026042 0.019531
0 0.660156 0.638672 0.033854 0.023438
0 0.712891 0.629883 0.027344 0.017578
0 0.664714 0.697266 0.027344 0.027344
0 0.486328 0.624023 0.024740 0.033203
0 0.431641 0.640625 0.027344 0.019531
0 0.402344 0.643555 0.028646 0.013672
0 0.370443 0.646484 0.022135 0.011719
0 0.334635 0.626953 0.033854 0.023438
0 0.220052 0.645508 0.026042 0.021484
0 0.291016 0.680664 0.027344 0.017578
0 0.324219 0.674805 0.028646 0.021484
0 0.253906 0.707031 0.026042 0.019531
0 0.287760 0.702148 0.026042 0.025391
0 0.314453 0.699219 0.027344 0.019531
0 0.343750 0.693359 0.028646 0.023438
0 0.382161 0.669922 0.027344 0.019531
0 0.382812 0.688477 0.023438 0.021484
0 0.411458 0.662109 0.026042 0.019531
0 0.407552 0.679688 0.026042 0.019531
0 0.442708 0.681641 0.026042 0.023438
0 0.529948 0.685547 0.015625 0.031250
0 0.817708 0.603516 0.026042 0.023438
0 0.895182 0.493164 0.029948 0.021484
0 0.822266 0.482422 0.027344 0.019531
0 0.934896 0.328125 0.013021 0.042969
0 0.823568 0.643555 0.037760 0.029297
0 0.470052 0.949219 0.018229 0.031250
0 0.880208 0.207031 0.013021 0.039062
0 0.866536 0.200195 0.011719 0.037109
0 0.852214 0.197266 0.014323 0.035156
0 0.841146 0.191406 0.010417 0.039062
0 0.830078 0.188477 0.011719 0.033203
0 0.816406 0.184570 0.013021 0.037109
0 0.063802 0.744141 0.028646 0.019531
