0 0.027995 0.356120 0.027344 0.014323
0 0.205078 0.318359 0.029948 0.014323
0 0.235677 0.309896 0.028646 0.015625
0 0.264974 0.302734 0.027344 0.016927
0 0.291016 0.294922 0.027344 0.011719
0 0.319010 0.288411 0.026042 0.016927
0 0.374349 0.273438 0.024740 0.018229
0 0.402344 0.268229 0.031250 0.015625
0 0.438802 0.260417 0.023438 0.015625
0 0.471354 0.253906 0.026042 0.018229
0 0.496094 0.246745 0.026042 0.016927
0 0.526042 0.240885 0.028646 0.018229
0 0.578125 0.247396 0.026042 0.015625
0 0.558594 0.231771 0.026042 0.015625
0 0.586589 0.225260 0.027344 0.018229
0 0.615234 0.219401 0.024740 0.016927
0 0.643880 0.213542 0.029948 0.015625
0 0.670573 0.206380 0.031250 0.016927
0 0.701172 0.201172 0.024740 0.019531
0 0.756510 0.184245 0.031250 0.019531
0 0.788411 0.177734 0.027344 0.016927
0 0.848307 0.164062 0.024740 0.015625
0 0.886719 0.194661 0.028646 0.014323
0 0.405599 0.427083 0.016927 0.028646
0 0.426432 0.447266 0.029948 0.019531
0 0.414714 0.617188 0.019531 0.031250
0 0.431641 0.679036 0.016927 0.029948
0 0.462240 0.605469 0.026042 0.015625
0 0.463542 0.622396 0.026042 0.013021
0 0.492188 0.698568 0.023438 0.014323
0 0.457682 0.594401 0.027344 0.011719
0 0.550781 0.740885 0.026042 0.015625
0 0.508464 0.791667 0.024740 0.015625
0 0.550781 0.792318 0.026042 0.019531
0 0.628906 0.790365 0.026042 0.015625
0 0.694661 0.792969 0.027344 0.020833
0 0.746745 0.794271 0.048177 0.020833
0 0.848958 0.792969 0.031250 0.018229
0 0.880859 0.794271 0.032552 0.018229
0 0.925781 0.793620 0.026042 0.016927
0 0.948568 0.784505 0.027344 0.024740
0 0.977865 0.768229 0.026042 0.028646
0 0.027995 0.697266 0.019531 0.027344
0 0.026042 0.860677 0.028646 0.015625
0 0.214193 0.860677 0.027344 0.015625
0 0.436849 0.860026 0.029948 0.019531
0 0.731120 0.860026 0.029948 0.022135
0 0.764974 0.860677 0.027344 0.018229
0 0.814453 0.860677 0.032552 0.015625
0 0.470703 0.860677 0.027344 0.015625
0 0.942057 0.855469 0.027344 0.018229
0 0.470052 0.635417 0.026042 0.015625
